00010
00011
00014
00016
00017
00018
00019
0002
00021
00022
00023
00024
00025
00026
00027
00028
00029
0003
00030
00031
00032
00033
00035
00036
00037
00039
0004
00041
00042
00043
00044
00046
00049
0005
00050
00051
00054
00055
00056
0006
0007
001
0010
0012
0013
0015
0016
0019
002
0021
0023
0024
0026
0027
0028
0029
003
004
008
1001
10010
10011
10012
10014
10015
10016
10017
10018
10019
1002
10021
10022
10023
10024
10027
10028
10029
10030
10032
10033
10034
10036
10037
10038
10039
1004
10040
10041
10042
10049
1005
10050
10051
10053
10054
10055
10056
10057
10058
1006
10061
10062
10063
10065
10066
10067
10068
10069
1007
101
1012
1013
1014
1015
1016
102
1021
1024
1025
1026
1027
1028
103
1030
1032
1035
1037
1038
1039
1040
1042
1046
1047
105
1051
1053
1054
1056
1057
201
2011
2012
2013
2014
2015
2016
2017
2019
202
2020
2021
2022
2023
2024
2025
2027
2028
2029
203
2030
2031
2032
2033
2034
2035
2036
2037
2039
204
2040
2041
2042
2043
2044
2045
2046
2047
2048
2049
205
2050
2051
2052
301
3010
3011
3015
3016
3018
3019
302
3020
3021
3023
3026
3028
303
3030
3031
3032
3033
3038
3039
3043
3047
3049
305
3050
3052
3054
3056
306
3061
3062
3069
307
3070
4010
4011
4013
4014
4015
4016
4017
4018
4019
402
4020
4021
4022
4023
4024
4025
4026
4027
4028
4029
403
4031
4032
4033
4034
4035
4036
4037
4038
4039
404
4040
4041
4042
4043
4044
4045
4046
4047
4048
4049
405
4050
4052

