0 0.5791666666666667 0.21666666666666667 0.05648148148148149 0.07530864197530864
0 0.9291666666666667 0.5358024691358024 0.04537037037037037 0.07901234567901234
0 0.4962962962962963 0.7567901234567901 0.1388888888888889 0.09382716049382715
0 0.4365740740740741 0.3611111111111111 0.09537037037037037 0.09012345679012346
0 0.8689814814814815 0.7518518518518519 0.04722222222222222 0.08641975308641975
0 0.7976851851851852 0.5419753086419753 0.06018518518518519 0.08148148148148147
0 0.2925925925925926 0.2271604938271605 0.10740740740740741 0.10617283950617283
0 0.6523148148148148 0.34629629629629627 0.06574074074074074 0.10493827160493827
0 0.13657407407407407 0.22962962962962963 0.08796296296296297 0.10123456790123457
0 0.2884259259259259 0.7660493827160494 0.0787037037037037 0.19876543209876543
0 0.17777777777777778 0.541358024691358 0.10185185185185186 0.09999999999999999
0 0.5157407407407407 0.5351851851851852 0.07962962962962963 0.2037037037037037
0 0.7087962962962964 0.7580246913580246 0.10462962962962963 0.10617283950617283
0 0.41944444444444445 0.22592592592592592 0.06666666666666667 0.11851851851851852
0 0.6319444444444444 0.5364197530864198 0.06574074074074074 0.08765432098765431
0 0.962037037037037 0.7493827160493827 0.06481481481481481 0.0962962962962963
0 0.2851851851851852 0.3567901234567901 0.09074074074074075 0.10617283950617283
0 0.1277777777777778 0.35555555555555557 0.07962962962962963 0.10617283950617283
0 0.33287037037037037 0.5351851851851852 0.11018518518518519 0.09506172839506173
0 0.12222222222222223 0.7611111111111111 0.09814814814814815 0.09506172839506173
0 0.7773148148148148 0.35617283950617284 0.0638888888888889 0.08024691358024691
2 0.5277777777777778 0.5493827160493827 0.03333333333333333 0.019753086419753086
2 0.6277777777777778 0.7746913580246914 0.037037037037037035 0.018518518518518517
2 0.2990740740740741 0.7753086419753086 0.031481481481481485 0.014814814814814815
2 0.8787037037037038 0.5580246913580247 0.02962962962962963 0.014814814814814815
