0 0.1618387909319899 0.3200187969924812 0.02896725440806045 0.019736842105263157
0 0.3438287153652393 0.29417293233082703 0.0327455919395466 0.020676691729323307
0 0.02959697732997481 0.9802631578947368 0.03400503778337531 0.022556390977443608
0 0.1158690176322418 0.981672932330827 0.022670025188916875 0.023496240601503758
0 0.18954659949622166 0.981672932330827 0.02896725440806045 0.021616541353383457
0 0.3066750629722922 0.7039473684210525 0.14231738035264482 0.03007518796992481
0 0.5157430730478589 0.7025375939849624 0.06926952141057935 0.03477443609022556
0 0.276448362720403 0.9525375939849624 0.036523929471032744 0.023496240601503758
0 0.3318639798488665 0.3214285714285714 0.036523929471032744 0.020676691729323307
0 0.3513853904282116 0.962875939849624 0.04030226700251889 0.02913533834586466
0 0.49496221662468515 0.3270676691729323 0.04030226700251889 0.02631578947368421
0 0.11523929471032746 0.6071428571428571 0.031486146095717885 0.03195488721804511
0 0.16561712846347607 0.9544172932330827 0.02896725440806045 0.03477443609022556
0 0.285264483627204 0.612781954887218 0.03400503778337531 0.04887218045112782
0 0.49496221662468515 0.29182330827067665 0.042821158690176324 0.03289473684210526
0 0.08438287153652392 0.7015977443609022 0.030226700251889168 0.044172932330827065
0 0.35579345088161207 0.599624060150376 0.06423173803526448 0.03571428571428571
0 0.20654911838790932 0.6160714285714285 0.0654911838790932 0.05921052631578947
0 0.1158690176322418 0.6282894736842105 0.060453400503778336 0.03289473684210526
2 0.16498740554156172 0.30921052631578944 0.04534005037783375 0.011278195488721804
2 0.33816120906801006 0.3106203007518797 0.05919395465994962 0.012218045112781954
2 0.4924433249370277 0.30968045112781956 0.04785894206549118 0.010338345864661654
2 0.3532745591939547 0.6137218045112781 0.06171284634760705 0.007518796992481203
2 0.2871536523929471 0.6156015037593985 0.025188916876574305 0.007518796992481203
2 0.21221662468513852 0.6156015037593985 0.0491183879093199 0.009398496240601503
2 0.11020151133501259 0.6160714285714285 0.06423173803526448 0.010338345864661654
2 0.08879093198992444 0.7053571428571428 0.021410579345088162 0.006578947368421052
1 0.27015113350125947 0.6983082706766917 0.013853904282115869 0.009398496240601503
1 0.35516372795969775 0.6992481203007519 0.010075566750629723 0.011278195488721804
1 0.5195214105793451 0.6997180451127819 0.011335012594458438 0.010338345864661654
2 0.28463476070528965 0.9675751879699248 0.0579345088161209 0.008458646616541353
2 0.163727959697733 0.9680451127819548 0.14609571788413098 0.009398496240601503
2 0.03904282115869018 0.9680451127819548 0.060453400503778336 0.007518796992481203
3 0.5434508816120907 0.6987781954887218 0.006297229219143576 0.004699248120300752
