0 0.1884328358208955 0.393796992481203 0.07462686567164178 0.03571428571428571
0 0.18470149253731344 0.7048872180451128 0.14925373134328357 0.041353383458646614
0 0.1333955223880597 0.6212406015037594 0.04291044776119403 0.06954887218045112
0 0.3796641791044776 0.6212406015037594 0.08022388059701492 0.05075187969924812
0 0.7434701492537313 0.6184210526315789 0.07649253731343283 0.03759398496240601
0 0.23227611940298507 0.6193609022556391 0.054104477611940295 0.039473684210526314
0 0.49533582089552236 0.6212406015037594 0.027985074626865673 0.039473684210526314
0 0.6072761194029851 0.6203007518796992 0.0914179104477612 0.06390977443609022
0 0.18470149253731344 0.8937969924812029 0.0708955223880597 0.03195488721804511
1 0.36847014925373134 0.6146616541353384 0.009328358208955223 0.015037593984962405
1 0.6399253731343284 0.6165413533834586 0.014925373134328358 0.018796992481203006
1 0.14458955223880596 0.7011278195488722 0.013059701492537313 0.018796992481203006
2 0.13805970149253732 0.6259398496240601 0.018656716417910446 0.011278195488721804
2 0.6147388059701493 0.6240601503759398 0.016791044776119403 0.015037593984962405
2 0.18190298507462685 0.8759398496240601 0.08022388059701492 0.015037593984962405
