0 0.38828125 0.16770833333333332 0.1390625 0.15625
0 0.40078125000000003 0.3677083333333333 0.2078125 0.15208333333333332
0 0.73046875 0.14791666666666667 0.11406250000000001 0.19166666666666665
0 0.6421875 0.5072916666666667 0.059375000000000004 0.08958333333333333
0 0.65390625 0.36875 0.1453125 0.13333333333333333
0 0.80078125 0.49166666666666664 0.0734375 0.1
0 0.5421875 0.5645833333333333 0.078125 0.1
0 0.36796875 0.5791666666666666 0.1015625 0.14166666666666666
0 0.22968750000000002 0.5739583333333333 0.084375 0.12708333333333333
0 0.57265625 0.14895833333333333 0.1234375 0.21875
0 0.2109375 0.17604166666666665 0.084375 0.12708333333333333
2 0.42421875000000003 0.19166666666666665 0.051562500000000004 0.016666666666666666
2 0.74609375 0.165625 0.09531250000000001 0.022916666666666665
2 0.478125 0.37604166666666666 0.06875 0.027083333333333334
2 0.37031250000000004 0.5791666666666666 0.059375000000000004 0.025
2 0.6453125000000001 0.565625 0.0625 0.03125
2 0.7757812500000001 0.5572916666666666 0.11406250000000001 0.01875
