0 0.503 0.312 0.062 0.064
0 0.436 0.44266666666666665 0.048 0.058666666666666666
0 0.596 0.5466666666666666 0.048 0.058666666666666666
0 0.443 0.5439999999999999 0.054 0.048
0 0.519 0.5426666666666666 0.05 0.06666666666666667
0 0.47100000000000003 0.72 0.066 0.112
0 0.5640000000000001 0.7493333333333333 0.04 0.05333333333333333
0 0.5700000000000001 0.6906666666666667 0.04 0.058666666666666666
1 0.529 0.3 0.01 0.018666666666666665
1 0.451 0.432 0.01 0.021333333333333333
2 0.496 0.7253333333333333 0.016 0.010666666666666666
2 0.5670000000000001 0.7213333333333333 0.046 0.018666666666666665
