0 0.7013177159590044 0.15629984051036683 0.03367496339677892 0.06379585326953748
0 0.7038799414348463 0.21052631578947367 0.05197657393850659 0.05741626794258373
0 0.8557833089311859 0.15550239234449761 0.036603221083455345 0.05263157894736842
0 0.8620058565153734 0.20574162679425836 0.04172767203513909 0.05741626794258373
0 0.6533674963396779 0.38516746411483255 0.02562225475841874 0.04944178628389155
0 0.6577598828696926 0.4354066985645933 0.04904831625183016 0.04146730462519936
0 0.7877013177159591 0.3827751196172249 0.03806734992679356 0.07017543859649122
0 0.794289897510981 0.43779904306220097 0.03953147877013177 0.06539074960127592
0 0.91800878477306 0.38118022328548645 0.04978038067349927 0.07017543859649122
0 0.9256954612005857 0.4393939393939394 0.04465592972181552 0.07814992025518341
0 0.6310395314787701 0.5940988835725678 0.02342606149341142 0.07177033492822966
0 0.6632503660322109 0.5933014354066986 0.027818448023426062 0.0733652312599681
0 0.7049780380673499 0.5940988835725678 0.03513909224011713 0.06539074960127592
0 0.7950219619326501 0.5980861244019139 0.032210834553440704 0.06379585326953748
0 0.845900439238653 0.5940988835725678 0.03733528550512445 0.09409888357256778
0 0.8997071742313324 0.6028708133971292 0.03074670571010249 0.07017543859649122
0 0.9337481698389458 0.6060606060606061 0.022693997071742314 0.08931419457735247
0 0.9666910688140556 0.6076555023923444 0.022693997071742314 0.10845295055821372
0 0.66800878477306 0.7695374800637959 0.02855051244509517 0.06539074960127592
0 0.7148609077598829 0.7711323763955343 0.04319180087847731 0.07177033492822966
0 0.767203513909224 0.7727272727272727 0.032210834553440704 0.0685805422647528
0 0.6852122986822841 0.8429027113237639 0.029282576866764276 0.06539074960127592
0 0.7295021961932651 0.8484848484848485 0.04319180087847731 0.06060606060606061
0 0.7833089311859444 0.8484848484848485 0.03367496339677892 0.04784688995215311
0 0.8477306002928258 0.8476874003189793 0.03513909224011713 0.09090909090909091
0 0.8945827232796486 0.8492822966507177 0.04685212298682284 0.08452950558213716
0 0.9428989751098097 0.8444976076555024 0.032210834553440704 0.07177033492822966
0 0.6614202049780381 0.9186602870813397 0.034407027818448024 0.06698564593301436
0 0.6976573938506588 0.9274322169059012 0.048316251830161056 0.07177033492822966
0 0.7492679355783309 0.9218500797448166 0.03587115666178624 0.06698564593301436
0 0.8316251830161054 0.9234449760765551 0.032210834553440704 0.06698564593301436
0 0.866398243045388 0.9314194577352473 0.02562225475841874 0.06698564593301436
0 0.9095900439238653 0.9234449760765551 0.04758418740849195 0.06060606060606061
2 0.7002196193265008 0.189792663476874 0.04172767203513909 0.019138755980861243
1 0.8546852122986823 0.15550239234449761 0.006588579795021962 0.014354066985645933
2 0.8488286969253295 0.189792663476874 0.038799414348462666 0.019138755980861243
2 0.7847730600292826 0.4170653907496013 0.036603221083455345 0.014354066985645933
2 0.6416544655929722 0.4178628389154705 0.03294289897510981 0.01594896331738437
2 0.9147144948755491 0.41626794258373206 0.04758418740849195 0.022328548644338118
2 0.8404099560761347 0.6068580542264753 0.03367496339677892 0.02073365231259968
2 0.9352122986822841 0.6084529505582137 0.00951683748169839 0.017543859649122806
1 0.726207906295754 0.7631578947368421 0.004392386530014641 0.017543859649122806
1 0.670571010248902 0.7655502392344498 0.007320644216691069 0.01594896331738437
1 0.7697657393850659 0.766347687400319 0.006588579795021962 0.017543859649122806
1 0.8554172767203514 0.8397129186602871 0.005124450951683748 0.017543859649122806
1 0.9033674963396779 0.8405103668261563 0.008784773060029283 0.019138755980861243
1 0.9425329428989752 0.8381180223285486 0.00951683748169839 0.02073365231259968
1 0.7847730600292826 0.8389154704944178 0.007320644216691069 0.019138755980861243
1 0.7408491947291362 0.8413078149920256 0.007320644216691069 0.02073365231259968
1 0.6921669106881406 0.8405103668261563 0.008052708638360176 0.022328548644338118
1 0.91800878477306 0.916267942583732 0.008784773060029283 0.02073365231259968
1 0.869692532942899 0.9130781499202552 0.005856515373352855 0.02073365231259968
1 0.8374816983894583 0.9130781499202552 0.013177159590043924 0.017543859649122806
1 0.75 0.916267942583732 0.005124450951683748 0.017543859649122806
1 0.712298682284041 0.9146730462519936 0.007320644216691069 0.017543859649122806
1 0.6625183016105417 0.9170653907496013 0.004392386530014641 0.019138755980861243
