0 0.4328703703703704 0.7253086419753086 0.10648148148148148 0.08518518518518518
0 0.44953703703703707 0.31296296296296294 0.11203703703703705 0.18888888888888888
0 0.2652777777777778 0.25925925925925924 0.09722222222222222 0.10617283950617283
0 0.2675925925925926 0.3537037037037037 0.10925925925925926 0.10740740740740741
0 0.4342592592592593 0.6246913580246913 0.11666666666666667 0.0962962962962963
0 0.2138888888888889 0.6771604938271605 0.12222222222222223 0.2111111111111111
2 0.25972222222222224 0.3148148148148148 0.11388888888888889 0.01728395061728395
2 0.46481481481481485 0.3172839506172839 0.05185185185185186 0.014814814814814815
2 0.23842592592592593 0.6820987654320988 0.05648148148148149 0.018518518518518517
2 0.43333333333333335 0.6864197530864198 0.1388888888888889 0.024691358024691357
