0 0.4703703703703704 0.5067901234567901 0.08888888888888889 0.09753086419753086
0 0.6291666666666667 0.504320987654321 0.08240740740740742 0.10246913580246914
0 0.16990740740740742 0.29320987654320985 0.06759259259259259 0.09999999999999999
0 0.29953703703703705 0.2962962962962963 0.07314814814814816 0.10123456790123457
0 0.4935185185185185 0.29074074074074074 0.08148148148148149 0.09012345679012346
0 0.6486111111111111 0.2938271604938272 0.08055555555555556 0.0962962962962963
0 0.8046296296296297 0.29876543209876544 0.0925925925925926 0.0962962962962963
0 0.812962962962963 0.5012345679012346 0.07777777777777778 0.09876543209876543
0 0.3388888888888889 0.5037037037037037 0.07962962962962963 0.10123456790123457
0 0.17175925925925928 0.5024691358024691 0.075 0.0962962962962963
0 0.17546296296296296 0.7376543209876543 0.09166666666666667 0.09259259259259259
0 0.29212962962962963 0.7432098765432099 0.09351851851851853 0.1037037037037037
0 0.4953703703703704 0.7407407407407407 0.1277777777777778 0.1037037037037037
0 0.6513888888888889 0.7401234567901235 0.1287037037037037 0.09999999999999999
0 0.8074074074074075 0.7481481481481481 0.11296296296296297 0.2222222222222222
2 0.8203703703703704 0.7611111111111111 0.05185185185185186 0.030864197530864196
2 0.7310185185185185 0.5222222222222223 0.0712962962962963 0.024691358024691357
2 0.7291666666666667 0.3148148148148148 0.04722222222222222 0.027160493827160494
