0 0.06108897742363877 0.5378352490421455 0.05312084993359893 0.06226053639846743
0 0.12682602921646746 0.5383141762452107 0.041168658698539175 0.04597701149425287
0 0.18061088977423637 0.5383141762452107 0.0398406374501992 0.042145593869731796
0 0.24701195219123503 0.5378352490421455 0.04780876494023904 0.027777777777777776
0 0.30876494023904383 0.5359195402298851 0.03851261620185923 0.037356321839080456
0 0.3346613545816733 0.7945402298850575 0.03718459495351925 0.020114942528735632
0 0.4077025232403718 0.7940613026819923 0.02390438247011952 0.02490421455938697
0 0.48605577689243024 0.793103448275862 0.03718459495351925 0.05747126436781609
0 0.5637450199203187 0.7950191570881225 0.033200531208499334 0.040229885057471264
0 0.26228419654714474 0.7954980842911877 0.0199203187250996 0.033524904214559385
0 0.07702523240371846 0.918103448275862 0.026560424966799466 0.022030651340996167
0 0.1254980079681275 0.9195402298850575 0.033200531208499334 0.022988505747126436
0 0.2828685258964143 0.9219348659003831 0.034528552456839307 0.035440613026819924
0 0.35524568393094286 0.9233716475095785 0.033200531208499334 0.02490421455938697
2 0.07835325365205843 0.5373563218390804 0.018592297476759626 0.007662835249042145
2 0.49601593625498 0.7940613026819923 0.022576361221779546 0.011494252873563218
