0 0.5736111111111112 0.4280936454849498 0.058333333333333334 0.06688963210702341
0 0.5666666666666667 0.5250836120401338 0.061111111111111116 0.09364548494983277
0 0.4708333333333333 0.7307692307692307 0.08611111111111111 0.07023411371237458
0 0.5847222222222223 0.7341137123745819 0.0638888888888889 0.08361204013377926
0 0.6069444444444445 0.8076923076923077 0.06944444444444445 0.05016722408026756
0 0.6541666666666667 0.7341137123745819 0.04166666666666667 0.0903010033444816
0 0.5013888888888889 0.6220735785953178 0.09166666666666667 0.08695652173913043
0 0.6097222222222223 0.8712374581939799 0.0638888888888889 0.056856187290969896
0 0.5013888888888889 0.8043478260869565 0.06944444444444445 0.07023411371237458
0 0.5 0.8645484949832776 0.08333333333333334 0.07023411371237458
1 0.6166666666666667 0.4899665551839465 0.022222222222222223 0.030100334448160536
1 0.5291666666666667 0.6120401337792643 0.01388888888888889 0.020066889632107024
2 0.49722222222222223 0.8444816053511706 0.07777777777777778 0.023411371237458192
2 0.6083333333333334 0.8444816053511706 0.07777777777777778 0.016722408026755852
