0 0.502 0.31066666666666665 0.064 0.06666666666666667
0 0.521 0.5479999999999999 0.042 0.06666666666666667
0 0.594 0.5453333333333333 0.04 0.06666666666666667
0 0.437 0.5479999999999999 0.062 0.072
0 0.5710000000000001 0.6933333333333334 0.062 0.05333333333333333
0 0.47500000000000003 0.724 0.074 0.11466666666666667
0 0.435 0.4493333333333333 0.054 0.088
0 0.5670000000000001 0.7546666666666666 0.038 0.058666666666666666
1 0.454 0.43066666666666664 0.02 0.024
2 0.496 0.724 0.02 0.013333333333333332
2 0.5670000000000001 0.7266666666666667 0.058 0.018666666666666665
1 0.528 0.30133333333333334 0.012 0.021333333333333333
