0 0.39166666666666666 0.6166666666666667 0.06851851851851852 0.09506172839506173
0 0.8833333333333334 0.7432098765432099 0.06296296296296297 0.09382716049382715
0 0.7388888888888889 0.6296296296296297 0.06481481481481481 0.08888888888888889
0 0.7851851851851852 0.782716049382716 0.06481481481481481 0.08888888888888889
0 0.6194444444444445 0.7691358024691358 0.05555555555555556 0.07654320987654321
0 0.27222222222222225 0.4888888888888889 0.08518518518518518 0.08888888888888889
0 0.7143518518518519 0.4981481481481481 0.05648148148148149 0.09012345679012346
0 0.7245370370370371 0.3228395061728395 0.058333333333333334 0.07777777777777778
0 0.40972222222222227 0.3296296296296296 0.049074074074074076 0.07160493827160494
0 0.3652777777777778 0.48148148148148145 0.058333333333333334 0.07654320987654321
0 0.287962962962963 0.33271604938271604 0.04814814814814815 0.09259259259259259
0 0.5388888888888889 0.7734567901234568 0.07037037037037037 0.1617283950617284
0 0.8435185185185186 0.6308641975308642 0.06481481481481481 0.08395061728395062
0 0.4481481481481482 0.4845679012345679 0.06296296296296297 0.07037037037037037
0 0.48703703703703705 0.6129629629629629 0.07777777777777778 0.07530864197530864
0 0.38981481481481484 0.7679012345679013 0.08888888888888889 0.08148148148148147
0 0.27361111111111114 0.6148148148148148 0.06944444444444445 0.07160493827160494
0 0.28240740740740744 0.7685185185185185 0.07962962962962963 0.08518518518518518
2 0.5462962962962963 0.782716049382716 0.024074074074074074 0.022222222222222223
2 0.8800925925925926 0.8018518518518518 0.06759259259259259 0.023456790123456788
