0 0.1800925925925926 0.29691358024691356 0.04537037037037037 0.0728395061728395
0 0.26990740740740743 0.29074074074074074 0.04166666666666667 0.09259259259259259
0 0.3703703703703704 0.2993827160493827 0.06296296296296297 0.0728395061728395
0 0.6546296296296297 0.1648148148148148 0.04814814814814815 0.06296296296296296
0 0.7615740740740741 0.16790123456790124 0.05462962962962963 0.16296296296296295
0 0.8569444444444445 0.1691358024691358 0.05648148148148149 0.15555555555555556
0 0.787962962962963 0.3487654320987654 0.05740740740740741 0.15185185185185185
0 0.6837962962962963 0.35246913580246914 0.05462962962962963 0.15432098765432098
0 0.6842592592592592 0.47901234567901235 0.04259259259259259 0.07160493827160494
0 0.7912037037037037 0.47777777777777775 0.05648148148148149 0.07654320987654321
0 0.7921296296296296 0.5660493827160493 0.04537037037037037 0.0728395061728395
0 0.7597222222222223 0.6506172839506172 0.04537037037037037 0.0691358024691358
0 0.8490740740740741 0.6469135802469136 0.05740740740740741 0.07901234567901234
0 0.9365740740740741 0.6487654320987655 0.0638888888888889 0.07777777777777778
0 0.8601851851851852 0.7358024691358025 0.05555555555555556 0.0691358024691358
0 0.762962962962963 0.7364197530864197 0.0462962962962963 0.07530864197530864
0 0.7416666666666667 0.8203703703703703 0.04259259259259259 0.09753086419753086
0 0.8615740740740742 0.8222222222222222 0.05462962962962963 0.07407407407407407
0 0.763425925925926 0.9049382716049382 0.03981481481481482 0.056790123456790124
0 0.675 0.9067901234567901 0.04259259259259259 0.07037037037037037
0 0.5782407407407407 0.8512345679012345 0.03981481481481482 0.07530864197530864
0 0.5773148148148148 0.6814814814814815 0.062037037037037036 0.07901234567901234
0 0.5824074074074075 0.5148148148148148 0.0462962962962963 0.06419753086419754
0 0.5787037037037037 0.34259259259259256 0.05 0.0728395061728395
0 0.11898148148148148 0.42098765432098767 0.05092592592592593 0.0691358024691358
0 0.23796296296296296 0.41172839506172837 0.11851851851851852 0.06296296296296296
0 0.43194444444444446 0.42037037037037034 0.12314814814814816 0.09506172839506173
0 0.3578703703703704 0.5216049382716049 0.049074074074074076 0.0728395061728395
0 0.2263888888888889 0.5117283950617284 0.05277777777777778 0.07037037037037037
0 0.11574074074074074 0.5172839506172839 0.05555555555555556 0.06666666666666667
0 0.16527777777777777 0.6166666666666667 0.062037037037037036 0.07777777777777778
2 0.7699074074074075 0.17962962962962964 0.026851851851851852 0.016049382716049384
2 0.8703703703703703 0.17530864197530863 0.02962962962962963 0.022222222222222223
2 0.7930555555555556 0.35493827160493824 0.030555555555555558 0.013580246913580247
2 0.6944444444444444 0.35617283950617284 0.031481481481481485 0.013580246913580247
2 0.6828703703703703 0.5234567901234568 0.05462962962962963 0.014814814814814815
2 0.7828703703703704 0.5246913580246914 0.0638888888888889 0.012345679012345678
2 0.8018518518518519 0.6950617283950618 0.32037037037037036 0.019753086419753086
2 0.7101851851851853 0.869753086419753 0.14444444444444446 0.018518518518518517
2 0.8587962962962963 0.8703703703703703 0.0638888888888889 0.024691358024691357
