0 0.20092592592592592 0.20308641975308642 0.06666666666666667 0.09259259259259259
0 0.3300925925925926 0.2006172839506173 0.08055555555555556 0.08024691358024691
0 0.46111111111111114 0.19999999999999998 0.07592592592592592 0.09135802469135802
0 0.2847222222222222 0.30061728395061726 0.062037037037037036 0.09012345679012346
0 0.43333333333333335 0.30679012345679013 0.05925925925925926 0.08518518518518518
0 0.18472222222222223 0.4407407407407407 0.075 0.09135802469135802
0 0.33055555555555555 0.5796296296296296 0.061111111111111116 0.09753086419753086
0 0.20555555555555557 0.7401234567901235 0.1 0.06790123456790123
0 0.20694444444444446 0.5820987654320987 0.06759259259259259 0.10246913580246914
0 0.45925925925925926 0.4425925925925926 0.1574074074074074 0.09259259259259259
0 0.3013888888888889 0.4407407407407407 0.075 0.08888888888888889
0 0.5620370370370371 0.5814814814814815 0.06481481481481481 0.0962962962962963
0 0.3976851851851852 0.741358024691358 0.10648148148148148 0.0728395061728395
0 0.5356481481481482 0.7432098765432099 0.075 0.07160493827160494
0 0.6592592592592593 0.7425925925925926 0.07407407407407407 0.07037037037037037
2 0.12962962962962962 0.754320987654321 0.03888888888888889 0.019753086419753086
