0 0.18404423380726698 0.4090909090909091 0.10268562401263823 0.10782241014799154
0 0.45813586097946285 0.41120507399577166 0.19273301737756715 0.10359408033826639
0 0.7788309636650869 0.4069767441860465 0.20853080568720378 0.11627906976744186
0 0.6248025276461295 0.5443974630021142 0.2037914691943128 0.09090909090909091
0 0.2693522906793049 0.547568710359408 0.2575039494470774 0.09725158562367865
0 0.5150078988941548 0.7325581395348838 0.13270142180094788 0.20930232558139536
0 0.20221169036334913 0.7399577167019028 0.1263823064770932 0.1945031712473573
1 0.7472353870458136 0.3974630021141649 0.02527646129541864 0.03805496828752643
1 0.8475513428120063 0.3974630021141649 0.017377567140600316 0.042283298097251586
1 0.6216429699842022 0.5359408033826639 0.017377567140600316 0.03594080338266385
3 0.6729857819905213 0.5348837209302326 0.018957345971563982 0.03805496828752643
1 0.3736176935229068 0.5348837209302326 0.023696682464454975 0.03382663847780127
1 0.25118483412322273 0.53276955602537 0.018957345971563982 0.03382663847780127
1 0.523696682464455 0.6701902748414377 0.017377567140600316 0.03382663847780127
1 0.54739336492891 0.7758985200845666 0.017377567140600316 0.03382663847780127
2 0.23143759873617692 0.7484143763213531 0.03949447077409163 0.016913319238900635
2 0.5229067930489731 0.7473572938689218 0.08530805687203791 0.019027484143763214
