0 0.2452076677316294 0.13945578231292516 0.039936102236421724 0.04081632653061224
0 0.21246006389776356 0.1564625850340136 0.10862619808306709 0.0782312925170068
0 0.3522364217252396 0.15476190476190477 0.1389776357827476 0.08163265306122448
0 0.38418530351437696 0.14200680272108843 0.039936102236421724 0.0391156462585034
0 0.20527156549520767 0.21343537414965985 0.04952076677316294 0.04251700680272109
0 0.23003194888178913 0.2585034013605442 0.051118210862619806 0.05102040816326531
0 0.10223642172523961 0.21683673469387754 0.051118210862619806 0.04251700680272109
0 0.12460063897763578 0.2542517006802721 0.051118210862619806 0.052721088435374146
0 0.17252396166134185 0.4302721088435374 0.12460063897763578 0.08843537414965986
0 0.33306709265175716 0.43452380952380953 0.15175718849840256 0.08333333333333333
0 0.10303514376996804 0.31547619047619047 0.039936102236421724 0.07993197278911564
0 0.26357827476038337 0.37414965986394555 0.04792332268370607 0.047619047619047616
0 0.14936102236421725 0.30697278911564624 0.039936102236421724 0.03231292517006803
0 0.6277955271565495 0.7431972789115646 0.05750798722044728 0.05102040816326531
0 0.13738019169329074 0.49574829931972786 0.04153354632587859 0.03571428571428571
0 0.21485623003194887 0.4192176870748299 0.039936102236421724 0.04591836734693877
0 0.12220447284345047 0.5348639455782312 0.04952076677316294 0.0391156462585034
0 0.11022364217252395 0.5782312925170068 0.04472843450479233 0.047619047619047616
0 0.2531948881789137 0.4914965986394558 0.04313099041533546 0.04081632653061224
0 0.26118210862619806 0.6147959183673469 0.036741214057507986 0.04931972789115646
0 0.23242811501597443 0.532312925170068 0.04313099041533546 0.04421768707482993
0 0.18610223642172524 0.6930272108843537 0.03035143769968051 0.0391156462585034
0 0.30511182108626195 0.6981292517006803 0.038338658146964855 0.03571428571428571
0 0.2803514376996805 0.738095238095238 0.04313099041533546 0.04421768707482993
0 0.15175718849840256 0.733843537414966 0.03194888178913738 0.03571428571428571
0 0.20367412140575078 0.8163265306122449 0.04313099041533546 0.03741496598639456
0 0.10543130990415335 0.8180272108843537 0.04472843450479233 0.03741496598639456
0 0.10942492012779552 0.8537414965986394 0.04313099041533546 0.03741496598639456
0 0.1741214057507987 0.8562925170068026 0.03194888178913738 0.04251700680272109
2 0.2220447284345048 0.16326530612244897 0.0926517571884984 0.017006802721088433
2 0.3442492012779553 0.1649659863945578 0.10702875399361023 0.013605442176870748
2 0.2268370607028754 0.23809523809523808 0.0926517571884984 0.013605442176870748
2 0.1134185303514377 0.2389455782312925 0.08626198083067092 0.015306122448979591
2 0.10942492012779552 0.31887755102040816 0.01437699680511182 0.011904761904761904
2 0.18130990415335463 0.44047619047619047 0.10383386581469647 0.023809523809523808
2 0.33466453674121405 0.4421768707482993 0.11980830670926518 0.017006802721088433
2 0.22603833865814696 0.516156462585034 0.08466453674121405 0.015306122448979591
2 0.115814696485623 0.516156462585034 0.06549520766773162 0.022108843537414966
2 0.20447284345047922 0.6717687074829932 0.07987220447284345 0.013605442176870748
2 0.31629392971246006 0.673469387755102 0.08626198083067092 0.02040816326530612
2 0.09664536741214057 0.6751700680272109 0.01757188498402556 0.01020408163265306
2 0.13738019169329074 0.6751700680272109 0.022364217252396165 0.01020408163265306
2 0.15495207667731628 0.7568027210884354 0.1437699680511182 0.02040816326530612
2 0.2955271565495208 0.7585034013605442 0.08306709265175719 0.013605442176870748
