0 0.14120370370370372 0.2185185185185185 0.11018518518518519 0.10864197530864197
0 0.40601851851851856 0.22037037037037036 0.11203703703703705 0.09506172839506173
0 0.6472222222222223 0.2191358024691358 0.10555555555555556 0.10246913580246914
0 0.8875000000000001 0.21604938271604937 0.10092592592592593 0.10617283950617283
0 0.8986111111111111 0.3419753086419753 0.08611111111111111 0.1037037037037037
0 0.8851851851851852 0.537037037037037 0.11666666666666667 0.2074074074074074
0 0.8587962962962963 0.6987654320987654 0.09351851851851853 0.1308641975308642
0 0.6601851851851852 0.5259259259259259 0.10555555555555556 0.0962962962962963
0 0.6509259259259259 0.3537037037037037 0.0925925925925926 0.11975308641975309
0 0.39537037037037037 0.3567901234567901 0.07962962962962963 0.1111111111111111
0 0.3990740740740741 0.5296296296296297 0.08518518518518518 0.1037037037037037
0 0.3861111111111111 0.754320987654321 0.10555555555555556 0.11851851851851852
0 0.6236111111111111 0.7518518518518519 0.09722222222222222 0.12345679012345678
0 0.16018518518518518 0.6919753086419753 0.09814814814814815 0.11481481481481481
0 0.14166666666666666 0.5314814814814814 0.07777777777777778 0.2234567901234568
0 0.17407407407407408 0.35061728395061725 0.08703703703703704 0.10617283950617283
2 0.14814814814814814 0.545679012345679 0.040740740740740744 0.02962962962962963
2 0.9097222222222222 0.5444444444444444 0.04351851851851852 0.024691358024691357
2 0.837037037037037 0.7777777777777778 0.13703703703703704 0.024691358024691357
2 0.1574074074074074 0.7790123456790123 0.10555555555555556 0.022222222222222223
