0 0.8078703703703703 0.6388888888888888 0.05092592592592593 0.06790123456790123
0 0.35694444444444445 0.7648148148148148 0.049074074074074076 0.06049382716049383
0 0.5342592592592593 0.7648148148148148 0.04814814814814815 0.0654320987654321
0 0.5574074074074075 0.46172839506172836 0.04814814814814815 0.05925925925925926
0 0.675462962962963 0.6345679012345679 0.09722222222222222 0.1382716049382716
0 0.524537037037037 0.6358024691358024 0.08240740740740742 0.0691358024691358
0 0.27870370370370373 0.4648148148148148 0.07407407407407407 0.07037037037037037
0 0.4314814814814815 0.4679012345679012 0.08518518518518518 0.12839506172839507
0 0.23472222222222222 0.7641975308641975 0.075 0.06172839506172839
2 0.6916666666666667 0.6376543209876543 0.0462962962962963 0.020987654320987655
