0 0.4365740740740741 0.08518518518518518 0.08611111111111111 0.08395061728395062
0 0.6685185185185185 0.0845679012345679 0.08518518518518518 0.08765432098765431
0 0.5884259259259259 0.24691358024691357 0.09166666666666667 0.1037037037037037
0 0.3962962962962963 0.24938271604938272 0.07777777777777778 0.10864197530864197
0 0.4328703703703704 0.40802469135802466 0.08425925925925926 0.12222222222222222
0 0.7777777777777778 0.39999999999999997 0.0962962962962963 0.13333333333333333
0 0.5703703703703704 0.6037037037037037 0.09814814814814815 0.11851851851851852
0 0.3976851851851852 0.6049382716049383 0.09722222222222222 0.1308641975308642
0 0.46435185185185185 0.8209876543209876 0.14351851851851852 0.1382716049382716
0 0.26851851851851855 0.8222222222222222 0.10185185185185186 0.14074074074074075
0 0.6814814814814815 0.825925925925926 0.14814814814814814 0.15061728395061727
1 0.6893518518518519 0.21049382716049383 0.028703703703703703 0.043209876543209874
