0 0.3675925925925926 0.7191358024691358 0.10185185185185186 0.18395061728395062
0 0.14907407407407408 0.4228395061728395 0.12592592592592594 0.08765432098765431
0 0.5888888888888889 0.42530864197530865 0.1462962962962963 0.11234567901234567
0 0.20416666666666666 0.7166666666666667 0.1638888888888889 0.10987654320987654
0 0.7763888888888889 0.42839506172839503 0.18425925925925926 0.09382716049382715
0 0.42083333333333334 0.41975308641975306 0.1564814814814815 0.09135802469135802
0 0.27546296296296297 0.42530864197530865 0.09722222222222222 0.08518518518518518
0 0.5064814814814815 0.6746913580246914 0.11666666666666667 0.10493827160493827
0 0.7212962962962963 0.7179012345679012 0.25925925925925924 0.11481481481481481
1 0.412962962962963 0.412962962962963 0.020370370370370372 0.04074074074074074
3 0.6157407407407408 0.41172839506172837 0.022222222222222223 0.03333333333333333
1 0.7138888888888889 0.7018518518518518 0.018518518518518517 0.03580246913580247
1 0.8087962962962963 0.7018518518518518 0.015740740740740743 0.028395061728395062
2 0.5018518518518519 0.7314814814814815 0.14074074074074075 0.023456790123456788
2 0.3800925925925926 0.7296296296296296 0.06018518518518519 0.01728395061728395
1 0.1953703703703704 0.7024691358024692 0.024074074074074074 0.037037037037037035
