0 0.2625 0.6666666666666666 0.2175925925925926 0.0691358024691358
0 0.4898148148148148 0.6679012345679012 0.13703703703703704 0.07654320987654321
0 0.7949074074074074 0.6660493827160494 0.05092592592592593 0.09012345679012346
0 0.24953703703703706 0.7592592592592592 0.19722222222222224 0.0691358024691358
0 0.7273148148148149 0.8339506172839506 0.04722222222222222 0.06790123456790123
0 0.43842592592592594 0.7567901234567901 0.12685185185185185 0.07654320987654321
0 0.8125 0.8401234567901235 0.05462962962962963 0.06049382716049383
0 0.6671296296296296 0.6648148148148147 0.07685185185185185 0.06790123456790123
0 0.5675925925925926 0.7641975308641975 0.04814814814814815 0.05925925925925926
0 0.7273148148148149 0.917283950617284 0.05092592592592593 0.06666666666666667
1 0.2490740740740741 0.6623456790123456 0.014814814814814815 0.023456790123456788
1 0.35879629629629634 0.6617283950617284 0.010185185185185186 0.024691358024691357
1 0.4675925925925926 0.6604938271604938 0.018518518518518517 0.02962962962962963
1 0.5425925925925926 0.6617283950617284 0.018518518518518517 0.02962962962962963
1 0.42638888888888893 0.7549382716049382 0.015740740740740743 0.028395061728395062
1 0.48842592592592593 0.754320987654321 0.01388888888888889 0.024691358024691357
1 0.32546296296296295 0.7530864197530864 0.017592592592592594 0.027160493827160494
1 0.23425925925925928 0.754320987654321 0.012962962962962964 0.022222222222222223
