0 0.46435185185185185 0.7888888888888889 0.06574074074074074 0.12098765432098765
0 0.12592592592592594 0.795679012345679 0.06481481481481481 0.06049382716049383
0 0.6837962962962963 0.7604938271604939 0.049074074074074076 0.056790123456790124
0 0.3819444444444445 0.34012345679012346 0.04537037037037037 0.06049382716049383
0 0.23148148148148148 0.4901234567901234 0.05185185185185186 0.13333333333333333
0 0.23333333333333334 0.3419753086419753 0.07222222222222223 0.05925925925925926
0 0.3148148148148148 0.4524691358024691 0.0462962962962963 0.06049382716049383
0 0.3523148148148148 0.7950617283950617 0.036111111111111115 0.05925925925925926
0 0.3231481481481482 0.3376543209876543 0.044444444444444446 0.06049382716049383
0 0.23240740740740742 0.7962962962962963 0.09814814814814815 0.06666666666666667
0 0.3180555555555556 0.5277777777777778 0.049074074074074076 0.0654320987654321
0 0.575462962962963 0.7876543209876543 0.10462962962962963 0.12839506172839507
2 0.24166666666666667 0.49382716049382713 0.024074074074074074 0.014814814814814815
2 0.31666666666666665 0.495679012345679 0.05740740740740741 0.011111111111111112
1 0.22731481481481483 0.7888888888888889 0.012037037037037037 0.022222222222222223
2 0.4689814814814815 0.7950617283950617 0.03425925925925926 0.019753086419753086
2 0.5800925925925926 0.7938271604938272 0.07685185185185185 0.019753086419753086
2 0.6851851851851852 0.7938271604938272 0.05925925925925926 0.014814814814814815
