0 0.18877551020408162 0.38721136767317943 0.04081632653061224 0.056838365896980464
0 0.5144557823129251 0.38543516873889877 0.052721088435374146 0.04262877442273535
0 0.7321428571428571 0.38543516873889877 0.052721088435374146 0.03907637655417407
0 0.24489795918367346 0.5550621669626998 0.05442176870748299 0.0763765541740675
0 0.3333333333333333 0.4635879218472469 0.05102040816326531 0.04262877442273535
0 0.5748299319727891 0.4573712255772647 0.057823129251700675 0.047957371225577264
0 0.6454081632653061 0.4635879218472469 0.04591836734693877 0.046181172291296625
0 0.7091836734693877 0.46092362344582594 0.03741496598639456 0.04085257548845471
0 0.2576530612244898 0.46536412078152756 0.03571428571428571 0.046181172291296625
0 0.19302721088435373 0.46447602131438726 0.04931972789115646 0.047957371225577264
0 0.179421768707483 0.5355239786856129 0.04931972789115646 0.03374777975133215
0 0.18112244897959184 0.5808170515097691 0.04591836734693877 0.04262877442273535
0 0.5297619047619048 0.5817051509769094 0.03571428571428571 0.04085257548845471
0 0.4659863945578231 0.5568383658969804 0.04421768707482993 0.07992895204262877
0 0.9982993197278911 0.9955595026642985 0.0 0.0053285968028419185
0 0.9982993197278911 0.9982238010657194 0.0 0.0
0 0.9982993197278911 0.9982238010657194 0.0 0.0
1 0.5629251700680272 0.3818827708703375 0.006802721088435374 0.017761989342806393
1 0.7440476190476191 0.3818827708703375 0.011904761904761904 0.021314387211367674
1 0.211734693877551 0.4626998223801066 0.011904761904761904 0.015985790408525755
1 0.6641156462585034 0.46003552397868563 0.00510204081632653 0.017761989342806393
2 0.17687074829931973 0.5621669626998224 0.05102040816326531 0.012433392539964477
2 0.2508503401360544 0.5648312611012434 0.025510204081632654 0.014209591474245116
2 0.46768707482993194 0.5621669626998224 0.02040816326530612 0.015985790408525755
2 0.5297619047619048 0.5612788632326821 0.05612244897959184 0.014209591474245116
0 0.5297619047619048 0.5364120781527532 0.04251700680272109 0.03907637655417407
