0 0.2740740740740741 0.21234567901234566 0.06481481481481481 0.18271604938271604
0 0.2796296296296296 0.3808641975308642 0.18888888888888888 0.11728395061728394
0 0.6921296296296297 0.3962962962962963 0.2138888888888889 0.09382716049382715
0 0.3282407407407408 0.5611111111111111 0.2564814814814815 0.16419753086419753
0 0.3111111111111111 0.7938271604938272 0.2574074074074074 0.1876543209876543
0 0.6300925925925926 0.7907407407407407 0.2657407407407408 0.23333333333333334
2 0.2791666666666667 0.2271604938271605 0.032407407407407406 0.024691358024691357
1 0.6796296296296297 0.14320987654320988 0.016666666666666666 0.0345679012345679
2 0.6439814814814815 0.22098765432098766 0.019444444444444445 0.01728395061728395
1 0.6356481481481482 0.38395061728395063 0.01388888888888889 0.0345679012345679
1 0.33472222222222225 0.37407407407407406 0.019444444444444445 0.0345679012345679
1 0.312962962962963 0.37037037037037035 0.007407407407407408 0.02962962962962963
1 0.42824074074074076 0.524074074074074 0.017592592592592594 0.043209876543209874
1 0.412962962962963 0.7364197530864197 0.018518518518518517 0.030864197530864196
1 0.7180555555555556 0.7364197530864197 0.017592592592592594 0.028395061728395062
2 0.35555555555555557 0.8074074074074074 0.03333333333333333 0.019753086419753086
2 0.26296296296296295 0.8074074074074074 0.03518518518518519 0.019753086419753086
2 0.5708333333333333 0.8049382716049382 0.03425925925925926 0.022222222222222223
2 0.6587962962962963 0.8061728395061728 0.036111111111111115 0.019753086419753086
