0 0.3223684210526316 0.1411530815109344 0.039473684210526314 0.04373757455268389
0 0.20394736842105263 0.22266401590457255 0.043233082706766915 0.04771371769383698
0 0.15037593984962405 0.44333996023856853 0.08646616541353383 0.03976143141153081
0 0.29417293233082703 0.5506958250497017 0.12593984962406013 0.03976143141153081
0 0.23402255639097744 0.331013916500994 0.039473684210526314 0.03777335984095427
0 0.10056390977443608 0.8697813121272365 0.043233082706766915 0.08548707753479125
0 0.1494360902255639 0.6650099403578528 0.06203007518796992 0.04572564612326043
0 0.9981203007518796 0.9980119284294233 0.0 0.0
0 0.9981203007518796 0.9980119284294233 0.0 0.0
2 0.14661654135338345 0.6908548707753478 0.07894736842105263 0.017892644135188866
2 0.10902255639097744 0.8747514910536779 0.022556390977443608 0.011928429423459244
2 0.1475563909774436 0.4274353876739562 0.08082706766917293 0.02385685884691849
