0 0.06759259259259259 0.38950617283950617 0.06481481481481481 0.08024691358024691
0 0.1615740740740741 0.39012345679012345 0.075 0.0691358024691358
0 0.08518518518518518 0.47345679012345676 0.04814814814814815 0.0728395061728395
0 0.18842592592592594 0.47530864197530864 0.05462962962962963 0.07160493827160494
0 0.16527777777777777 0.5598765432098766 0.06018518518518519 0.06049382716049383
0 0.08148148148148149 0.6388888888888888 0.05740740740740741 0.07037037037037037
0 0.0625 0.7253086419753086 0.062037037037037036 0.053086419753086415
0 0.15787037037037038 0.7222222222222222 0.04722222222222222 0.06419753086419754
0 0.14166666666666666 0.7962962962962963 0.05185185185185186 0.05185185185185185
0 0.06481481481481481 0.7969135802469136 0.04259259259259259 0.05555555555555555
0 0.23750000000000002 0.7987654320987654 0.04166666666666667 0.04938271604938271
0 0.7148148148148148 0.7882716049382716 0.037037037037037035 0.07530864197530864
0 0.7949074074074074 0.7876543209876543 0.06018518518518519 0.0691358024691358
1 0.26342592592592595 0.28888888888888886 0.015740740740740743 0.02962962962962963
1 0.10185185185185186 0.28888888888888886 0.016666666666666666 0.03209876543209877
