0 0.18315217391304348 0.08670343137254902 0.059782608695652176 0.037377450980392156
0 0.358695652173913 0.09099264705882353 0.06956521739130435 0.04718137254901961
0 0.5065217391304347 0.09834558823529412 0.08695652173913043 0.04718137254901961
0 0.7 0.10110294117647059 0.06086956521739131 0.0392156862745098
0 0.4951086956521739 0.14950980392156862 0.06195652173913044 0.03799019607843137
0 0.6733695652173913 0.15196078431372548 0.05543478260869565 0.03676470588235294
0 0.375 0.3955269607843137 0.09565217391304348 0.03982843137254902
0 0.2190217391304348 0.399203431372549 0.0967391304347826 0.044730392156862746
0 0.35 0.13633578431372548 0.06086956521739131 0.034926470588235295
0 0.18206521739130435 0.13511029411764705 0.0923913043478261 0.03125
0 0.6038043478260869 0.3985906862745098 0.08804347826086957 0.04718137254901961
0 0.8130434782608695 0.3949142156862745 0.06521739130434782 0.055759803921568624
0 0.9293478260869565 0.3958333333333333 0.05 0.041666666666666664
0 0.8494565217391304 0.4568014705882353 0.0641304347826087 0.04718137254901961
0 0.5309782608695652 0.4469975490196078 0.0641304347826087 0.037377450980392156
0 0.7320652173913044 0.45618872549019607 0.057608695652173914 0.05821078431372549
0 0.3527173913043478 0.4341299019607843 0.05326086956521739 0.017769607843137254
0 0.22282608695652173 0.4518995098039216 0.07391304347826087 0.04963235294117647
0 0.25815217391304346 0.5165441176470588 0.06847826086956522 0.03553921568627451
0 0.4141304347826087 0.5211397058823529 0.058695652173913045 0.042279411764705885
0 0.5717391304347826 0.5168504901960784 0.05652173913043478 0.03615196078431372
0 0.6929347826086957 0.5153186274509803 0.0641304347826087 0.0392156862745098
0 0.46195652173913043 0.5741421568627451 0.04782608695652174 0.03799019607843137
0 0.27445652173913043 0.5830269607843137 0.06630434782608696 0.037377450980392156
2 0.25271739130434784 0.20435049019607843 0.05543478260869565 0.011642156862745098
2 0.18532608695652175 0.25275735294117646 0.075 0.012867647058823529
2 0.14076086956521738 0.3118872549019608 0.08586956521739131 0.01715686274509804
2 0.8141304347826087 0.3939950980392157 0.041304347826086954 0.012254901960784314
2 0.6135869565217391 0.4016544117647059 0.051086956521739134 0.015318627450980392
2 0.48097826086956524 0.4485294117647059 0.04456521739130435 0.011029411764705881
2 0.35706521739130437 0.4491421568627451 0.0923913043478261 0.012254901960784314
2 0.7342391304347826 0.45588235294117646 0.042391304347826085 0.007352941176470588
2 0.5195652173913043 0.5196078431372549 0.04782608695652174 0.00857843137254902
2 0.4097826086956522 0.5756740196078431 0.05652173913043478 0.007965686274509803
2 0.2 0.5824142156862745 0.06086956521739131 0.015318627450980392
2 0.19891304347826086 0.5211397058823529 0.06304347826086956 0.011642156862745098
2 0.36086956521739133 0.5205269607843137 0.03695652173913044 0.007965686274509803
