0 0.06514084507042253 0.5431034482758621 0.04225352112676056 0.06896551724137931
0 0.12852112676056338 0.5445402298850575 0.03873239436619719 0.07758620689655173
0 0.18661971830985916 0.5445402298850575 0.045774647887323945 0.06034482758620689
0 0.323943661971831 0.5445402298850575 0.045774647887323945 0.06034482758620689
0 0.3767605633802817 0.5474137931034483 0.03873239436619719 0.06609195402298851
0 0.43838028169014087 0.5459770114942528 0.045774647887323945 0.05747126436781609
0 0.5774647887323944 0.5445402298850575 0.035211267605633804 0.06609195402298851
0 0.3371478873239437 0.6508620689655172 0.029929577464788734 0.07758620689655173
0 0.25 0.6508620689655172 0.045774647887323945 0.06034482758620689
0 0.19190140845070422 0.7729885057471264 0.028169014084507043 0.06321839080459771
0 0.2711267605633803 0.7729885057471264 0.04225352112676056 0.06321839080459771
0 0.3626760563380282 0.7701149425287356 0.04929577464788733 0.06896551724137931
0 0.5246478873239436 0.7816091954022988 0.04929577464788733 0.06321839080459771
0 0.596830985915493 0.7844827586206896 0.045774647887323945 0.06896551724137931
0 0.7147887323943662 0.7844827586206896 0.0528169014084507 0.06321839080459771
0 0.7764084507042254 0.7816091954022988 0.03169014084507042 0.06321839080459771
0 0.6258802816901409 0.9109195402298851 0.08274647887323944 0.07471264367816091
0 0.5448943661971831 0.9123563218390804 0.03697183098591549 0.13505747126436782
0 0.3987676056338028 0.9109195402298851 0.0545774647887324 0.08045977011494253
0 0.3019366197183099 0.9080459770114943 0.04401408450704226 0.12643678160919541
0 0.7860915492957746 0.5502873563218391 0.08274647887323944 0.07758620689655173
2 0.3080985915492958 0.9195402298850575 0.02112676056338028 0.017241379310344827
3 0.41901408450704225 0.8994252873563219 0.01056338028169014 0.028735632183908046
3 0.5492957746478874 0.9181034482758621 0.02112676056338028 0.014367816091954023
