0 0.2947048611111111 0.1724537037037037 0.033854166666666664 0.05555555555555555
0 0.3532986111111111 0.17129629629629628 0.041666666666666664 0.048611111111111105
0 0.4739583333333333 0.16898148148148148 0.03993055555555555 0.06018518518518518
0 0.53515625 0.1724537037037037 0.033854166666666664 0.05324074074074074
0 0.5985243055555555 0.19328703703703703 0.03211805555555555 0.05092592592592592
0 0.6015625 0.31134259259259256 0.03645833333333333 0.06481481481481481
0 0.657986111111111 0.3101851851851852 0.029513888888888888 0.057870370370370364
0 0.532986111111111 0.29745370370370366 0.03645833333333333 0.04398148148148148
0 0.47265625 0.2951388888888889 0.033854166666666664 0.048611111111111105
0 0.35980902777777773 0.296875 0.033854166666666664 0.05208333333333333
0 0.29340277777777773 0.2980324074074074 0.029513888888888888 0.04282407407407407
0 0.2829861111111111 0.35358796296296297 0.03298611111111111 0.0474537037037037
0 0.3368055555555555 0.35358796296296297 0.03298611111111111 0.0474537037037037
0 0.3997395833333333 0.35300925925925924 0.0390625 0.037037037037037035
0 0.22092013888888887 0.35590277777777773 0.028645833333333332 0.05208333333333333
0 0.13802083333333331 0.23900462962962962 0.034722222222222224 0.05208333333333333
0 0.07725694444444443 0.23726851851851852 0.03819444444444444 0.048611111111111105
0 0.08072916666666666 0.3622685185185185 0.034722222222222224 0.05324074074074074
0 0.14322916666666666 0.3611111111111111 0.034722222222222224 0.0625
0 0.5473090277777778 0.5023148148148148 0.02690972222222222 0.05092592592592592
0 0.6223958333333333 0.4994212962962963 0.07291666666666666 0.04976851851851852
0 0.4505208333333333 0.5763888888888888 0.048611111111111105 0.046296296296296294
0 0.38671875 0.5775462962962963 0.03732638888888889 0.05555555555555555
0 0.24869791666666666 0.6209490740740741 0.0390625 0.04282407407407407
0 0.3159722222222222 0.6140046296296297 0.041666666666666664 0.0474537037037037
0 0.1892361111111111 0.8211805555555555 0.034722222222222224 0.04513888888888889
0 0.2573784722222222 0.8188657407407407 0.0234375 0.05439814814814815
0 0.3138020833333333 0.8101851851851851 0.0390625 0.048611111111111105
0 0.3828125 0.8061342592592592 0.041666666666666664 0.05208333333333333
0 0.43967013888888884 0.8015046296296295 0.03211805555555555 0.03819444444444444
0 0.583767361111111 0.8015046296296295 0.07552083333333333 0.03819444444444444
0 0.6831597222222222 0.7893518518518519 0.07291666666666666 0.046296296296296294
0 0.77734375 0.7563657407407407 0.08246527777777778 0.04976851851851852
2 0.10243055555555555 0.21238425925925924 0.109375 0.015046296296296295
2 0.3029513888888889 0.2054398148148148 0.24131944444444442 0.017361111111111112
2 0.501736111111111 0.2037037037037037 0.10590277777777778 0.018518518518518517
2 0.5026041666666666 0.32407407407407407 0.10243055555555555 0.013888888888888888
2 0.3059895833333333 0.32870370370370366 0.24045138888888887 0.016203703703703703
2 0.11024305555555555 0.3344907407407407 0.11458333333333333 0.013888888888888888
2 0.5859375 0.4768518518518518 0.140625 0.020833333333333332
2 0.27604166666666663 0.5943287037037037 0.10243055555555555 0.019675925925925923
2 0.16796875 0.8003472222222222 0.07725694444444443 0.01273148148148148
2 0.2842881944444444 0.7916666666666666 0.1032986111111111 0.027777777777777776
2 0.4075520833333333 0.7853009259259259 0.10850694444444443 0.019675925925925923
2 0.626736111111111 0.7725694444444444 0.19270833333333331 0.02662037037037037
