0 0.20277777777777778 0.44814814814814813 0.06666666666666667 0.044444444444444446
0 0.5921296296296297 0.4524691358024691 0.04351851851851852 0.0728395061728395
0 0.5083333333333333 0.3617283950617284 0.0462962962962963 0.06419753086419754
0 0.5875 0.36049382716049383 0.04722222222222222 0.05925925925925926
0 0.33796296296296297 0.6234567901234568 0.044444444444444446 0.06172839506172839
0 0.6101851851851852 0.7141975308641976 0.07592592592592592 0.05555555555555555
0 0.7018518518518518 0.7148148148148148 0.04814814814814815 0.06419753086419754
0 0.5907407407407408 0.6228395061728395 0.044444444444444446 0.05555555555555555
0 0.3287037037037037 0.7080246913580247 0.053703703703703705 0.07037037037037037
0 0.17453703703703705 0.7148148148148148 0.05277777777777778 0.056790123456790124
0 0.2513888888888889 0.7160493827160493 0.04351851851851852 0.06419753086419754
0 0.2337962962962963 0.6246913580246913 0.049074074074074076 0.05925925925925926
