0 0.16983122362869196 0.30135823429541597 0.09071729957805906 0.06960950764006792
0 0.5411392405063291 0.30135823429541597 0.0780590717299578 0.06621392190152801
0 0.729957805907173 0.33786078098471983 0.07594936708860758 0.07470288624787776
0 0.13185654008438819 0.4940577249575552 0.09493670886075949 0.07130730050933785
0 0.4947257383966244 0.4923599320882852 0.09071729957805906 0.07470288624787776
0 0.32067510548523204 0.4558573853989813 0.10548523206751054 0.06281833616298811
0 0.16244725738396623 0.7300509337860781 0.07594936708860758 0.07130730050933785
0 0.3122362869198312 0.6935483870967741 0.09282700421940927 0.06621392190152801
0 0.3575949367088607 0.30135823429541597 0.09071729957805906 0.07640067911714771
0 0.5084388185654009 0.6943972835314092 0.08860759493670885 0.06791171477079797
0 0.6624472573839661 0.6935483870967741 0.07594936708860758 0.07979626485568761
0 0.8132911392405062 0.7258064516129032 0.08649789029535865 0.0831918505942275
0 0.32172995780590713 0.8531409168081494 0.08649789029535865 0.06960950764006792
0 0.1381856540084388 0.8497453310696095 0.08227848101265822 0.06960950764006792
2 0.15084388185654007 0.3455008488964346 0.12025316455696201 0.022071307300509338
2 0.3354430379746835 0.34889643463497455 0.1181434599156118 0.015280135823429542
2 0.5242616033755274 0.34889643463497455 0.12869198312236285 0.025466893039049237
2 0.29641350210970463 0.5008488964346349 0.12869198312236285 0.01697792869269949
2 0.310126582278481 0.7402376910016978 0.08438818565400844 0.013582342954159592
2 0.4841772151898734 0.7402376910016978 0.1371308016877637 0.010186757215619693
2 0.6561181434599156 0.7410865874363327 0.10548523206751054 0.01867572156196944
2 0.30379746835443033 0.8964346349745331 0.12236286919831223 0.020373514431239387
2 0.13080168776371306 0.8955857385398981 0.10126582278481011 0.01867572156196944
