0 0.3638132295719844 0.06017699115044248 0.0311284046692607 0.04601769911504425
0 0.5009727626459144 0.20619469026548673 0.10311284046692606 0.047787610619469026
0 0.5184824902723736 0.20442477876106194 0.04085603112840467 0.03716814159292035
0 0.17704280155642024 0.2575221238938053 0.05058365758754864 0.04424778761061947
0 0.3200389105058366 0.26017699115044246 0.05252918287937743 0.035398230088495575
0 0.45330739299610895 0.26194690265486725 0.038910505836575876 0.03185840707964602
0 0.603112840466926 0.26371681415929205 0.05058365758754864 0.03893805309734513
0 0.5749027237354085 0.35929203539823007 0.09533073929961089 0.04247787610619469
0 0.6050583657587548 0.5292035398230088 0.07392996108949416 0.05309734513274336
0 0.4883268482490272 0.7292035398230088 0.0311284046692607 0.08495575221238938
0 0.5554474708171206 0.8433628318584071 0.08365758754863814 0.04070796460176991
0 0.6702334630350195 0.8424778761061946 0.08754863813229571 0.04601769911504425
2 0.6196498054474708 0.4247787610619469 0.017509727626459144 0.01415929203539823
2 0.4464980544747082 0.4247787610619469 0.029182879377431907 0.010619469026548672
2 0.29669260700389105 0.42389380530973453 0.017509727626459144 0.012389380530973451
2 0.14785992217898833 0.4247787610619469 0.01556420233463035 0.01415929203539823
2 0.6021400778210116 0.5566371681415929 0.08365758754863814 0.01592920353982301
2 0.49221789883268485 0.7327433628318584 0.019455252918287938 0.01415929203539823
2 0.5992217898832685 0.9106194690265487 0.03501945525291829 0.01592920353982301
2 0.42801556420233466 0.9141592920353983 0.027237354085603113 0.012389380530973451
0 0.4173151750972763 0.1079646017699115 0.03696498054474708 0.035398230088495575
