0 0.1590909090909091 0.15120274914089346 0.10909090909090909 0.07560137457044673
0 0.42386363636363633 0.10652920962199312 0.12045454545454545 0.07903780068728522
0 0.6397727272727273 0.10824742268041238 0.08863636363636364 0.14776632302405499
0 0.9113636363636363 0.27147766323024053 0.09090909090909091 0.07216494845360824
0 0.7090909090909091 0.26804123711340205 0.09545454545454544 0.06529209621993128
0 0.16477272727272727 0.4097938144329897 0.08409090909090909 0.06013745704467354
0 0.3818181818181818 0.31529209621993126 0.11363636363636363 0.06013745704467354
0 0.28977272727272724 0.23367697594501718 0.08409090909090909 0.06529209621993128
0 0.1625 0.320446735395189 0.10227272727272727 0.08419243986254295
0 0.43636363636363634 0.40893470790378006 0.08636363636363636 0.06872852233676977
0 0.16022727272727272 0.5017182130584192 0.09772727272727272 0.07560137457044673
0 0.2318181818181818 0.5927835051546392 0.12272727272727273 0.06872852233676977
0 0.46818181818181814 0.5936426116838488 0.1318181818181818 0.06357388316151202
0 0.6954545454545454 0.5936426116838488 0.09999999999999999 0.06701030927835051
0 0.8920454545454545 0.5945017182130584 0.10227272727272727 0.061855670103092786
0 0.5818181818181818 0.6898625429553265 0.09545454545454544 0.06357388316151202
0 0.3795454545454545 0.6872852233676976 0.08636363636363636 0.07216494845360824
0 0.1693181818181818 0.6898625429553265 0.12045454545454545 0.06701030927835051
0 0.4386363636363636 0.7843642611683849 0.09545454545454544 0.07388316151202749
0 0.27386363636363636 0.8737113402061856 0.07954545454545454 0.06701030927835051
2 0.1909090909090909 0.11254295532646048 0.19999999999999998 0.02577319587628866
2 0.6568181818181817 0.11254295532646048 0.049999999999999996 0.018900343642611683
2 0.3125 0.28350515463917525 0.4795454545454545 0.027491408934707903
