0 0.525 0.5479999999999999 0.042 0.06666666666666667
0 0.437 0.5466666666666666 0.058 0.05333333333333333
0 0.436 0.44666666666666666 0.052000000000000005 0.06666666666666667
0 0.498 0.3133333333333333 0.052000000000000005 0.072
0 0.6 0.5439999999999999 0.04 0.064
0 0.47500000000000003 0.7213333333333333 0.078 0.11466666666666667
0 0.557 0.6906666666666667 0.042 0.06933333333333333
0 0.561 0.7546666666666666 0.038 0.07466666666666666
1 0.529 0.3 0.018000000000000002 0.024
1 0.452 0.4333333333333333 0.016 0.029333333333333333
2 0.494 0.7253333333333333 0.028 0.016
2 0.561 0.7226666666666667 0.054 0.026666666666666665
