0 0.19709543568464732 0.0590513068731849 0.042876901798063624 0.03291384317521781
0 0.4903181189488244 0.0590513068731849 0.05947441217150761 0.02904162633107454
0 0.10926694329183956 0.05663117134559535 0.04702627939142462 0.033881897386253634
0 0.3955739972337483 0.060503388189738626 0.04426002766251729 0.033881897386253634
0 0.20608575380359614 0.12052274927395934 0.10235131396957124 0.07260406582768636
0 0.11687413554633472 0.23330106485963215 0.048409405255878286 0.04065827686350436
0 0.21645919778699863 0.23330106485963215 0.05947441217150761 0.038722168441432725
0 0.3997233748271093 0.2357212003872217 0.0359612724757953 0.03000968054211036
0 0.47026279391424625 0.2308809293320426 0.04702627939142462 0.04937076476282672
0 0.11065006915629323 0.12100677637947725 0.06085753803596128 0.03291384317521781
0 0.16459197786998617 0.3005808325266215 0.07745504840940526 0.041626331074540175
0 0.2579529737206086 0.29912875121006777 0.056708160442600276 0.08131655372700872
0 0.4128630705394191 0.29912875121006777 0.08437067773167359 0.036786060019361085
0 0.5145228215767635 0.29670861568247825 0.09128630705394192 0.06292352371732818
0 0.5359612724757953 0.39303000968054214 0.12586445366528354 0.0484027105517909
0 0.2413554633471646 0.38431752178121975 0.17289073305670816 0.04259438528557599
0 0.19432918395573998 0.43272023233301066 0.0760719225449516 0.04065827686350436
0 0.5892116182572614 0.4404646660212972 0.21853388658367912 0.046466602129719266
0 0.313969571230982 0.5130687318489836 0.06915629322268327 0.04065827686350436
0 0.11894882434301522 0.5087124878993223 0.055325034578146616 0.041626331074540175
0 0.3091286307053942 0.8760890609874153 0.08437067773167359 0.0484027105517909
0 0.18118948824343017 0.8818973862536302 0.06915629322268327 0.06001936108422072
0 0.0719225449515906 0.8843175217812198 0.07745504840940526 0.05517909002904163
0 0.1099585062240664 0.9583736689254598 0.10926694329183956 0.06582768635043562
0 0.2475795297372061 0.9554695062923524 0.08852005532503458 0.06389157792836399
0 0.37344398340248963 0.957889641819942 0.08852005532503458 0.06485963213939981
3 0.6715076071922546 0.4356243949661181 0.01798063623789765 0.013552758954501452
1 0.6203319502074689 0.4356243949661181 0.01798063623789765 0.013552758954501452
2 0.19156293222683266 0.12633107454017425 0.02627939142461964 0.008712487899322363
2 0.5228215767634855 0.30348499515972893 0.04426002766251729 0.008712487899322363
