0 0.0361247947454844 0.08886255924170616 0.04926108374384236 0.06398104265402844
0 0.13136288998357964 0.4502369668246446 0.04269293924466338 0.06635071090047394
0 0.07881773399014778 0.7902843601895735 0.04597701149425287 0.05450236966824645
0 0.2594417077175698 0.5414691943127963 0.04269293924466338 0.05450236966824645
0 0.07799671592775041 0.6409952606635072 0.04433497536945813 0.05450236966824645
0 0.7635467980295566 0.7914691943127963 0.052545155993431854 0.06635071090047394
0 0.12889983579638753 0.9289099526066351 0.047619047619047616 0.06161137440758294
1 0.05008210180623974 0.08412322274881517 0.011494252873563218 0.03080568720379147
1 0.1412151067323481 0.44194312796208535 0.013136288998357963 0.02132701421800948
1 0.2742200328407225 0.5343601895734598 0.013136288998357963 0.03080568720379147
1 0.09195402298850575 0.6338862559241707 0.016420361247947456 0.026066350710900476
1 0.090311986863711 0.7843601895734598 0.013136288998357963 0.028436018957345974
1 0.7733990147783251 0.7808056872037915 0.009852216748768473 0.03080568720379147
1 0.14039408866995073 0.9241706161137442 0.014778325123152709 0.028436018957345974
