0 0.4550925925925926 0.49753086419753084 0.17500000000000002 0.15308641975308643
0 0.6712962962962963 0.49506172839506174 0.1962962962962963 0.145679012345679
1 0.16898148148148148 0.21975308641975308 0.019444444444444445 0.03209876543209877
1 0.3490740740740741 0.17098765432098764 0.018518518518518517 0.030864197530864196
2 0.3013888888888889 0.24382716049382716 0.025 0.016049382716049384
2 0.6101851851851852 0.24012345679012345 0.02592592592592593 0.016049382716049384
1 0.7046296296296296 0.21666666666666667 0.016666666666666666 0.03333333333333333
1 0.8805555555555555 0.21728395061728395 0.014814814814814815 0.02962962962962963
2 0.8439814814814816 0.23950617283950618 0.025 0.019753086419753086
1 0.7240740740740741 0.48209876543209873 0.020370370370370372 0.03333333333333333
2 0.6912037037037038 0.5024691358024691 0.026851851851851852 0.019753086419753086
1 0.5199074074074074 0.4802469135802469 0.010185185185185186 0.027160493827160494
2 0.42638888888888893 0.5030864197530864 0.028703703703703703 0.013580246913580247
2 0.40972222222222227 0.6839506172839506 0.028703703703703703 0.019753086419753086
2 0.6199074074074075 0.6858024691358025 0.030555555555555558 0.023456790123456788
2 0.5523148148148148 0.8666666666666667 0.028703703703703703 0.019753086419753086
2 0.4337962962962963 0.8679012345679012 0.036111111111111115 0.014814814814814815
