0 0.3405545927209705 0.5264026402640264 0.03986135181975736 0.07590759075907591
0 0.2244367417677643 0.7953795379537953 0.03986135181975736 0.07260726072607261
0 0.7123050259965338 0.7970297029702971 0.04159445407279029 0.06930693069306931
0 0.8674176776429808 0.7986798679867987 0.04332755632582322 0.07260726072607261
0 0.5857885615251299 0.933993399339934 0.038128249566724434 0.066006600660066
0 0.3223570190641248 0.9323432343234324 0.03466204506065858 0.0627062706270627
0 0.12564991334488734 0.929042904290429 0.04332755632582322 0.06930693069306931
0 0.06759098786828423 0.9306930693069307 0.03466204506065858 0.0594059405940594
0 0.7599653379549393 0.041254125412541254 0.03986135181975736 0.06930693069306931
1 0.4878682842287695 0.5132013201320133 0.012131715771230503 0.036303630363036306
1 0.9332755632582321 0.5115511551155115 0.012131715771230503 0.033003300330033
1 0.36395147313691506 0.7854785478547854 0.010398613518197573 0.033003300330033
1 0.2487001733102253 0.334983498349835 0.012131715771230503 0.0297029702970297
