0 0.18611111111111112 0.1537037037037037 0.08148148148148149 0.09506172839506173
0 0.27546296296296297 0.48580246913580244 0.058333333333333334 0.07530864197530864
0 0.46990740740740744 0.4845679012345679 0.06759259259259259 0.08518518518518518
0 0.6768518518518519 0.4888888888888889 0.06666666666666667 0.1654320987654321
0 0.7162037037037037 0.7086419753086419 0.049074074074074076 0.07901234567901234
0 0.5324074074074074 0.7092592592592593 0.05185185185185186 0.07037037037037037
0 0.312962962962963 0.7104938271604938 0.10925925925925926 0.15185185185185185
1 0.32175925925925924 0.45493827160493827 0.01388888888888889 0.030864197530864196
1 0.5259259259259259 0.4561728395061728 0.012962962962962964 0.03580246913580247
1 0.7375 0.41234567901234565 0.019444444444444445 0.04197530864197531
2 0.6875 0.4993827160493827 0.026851851851851852 0.016049382716049384
1 0.763888888888889 0.6777777777777778 0.012962962962962964 0.02962962962962963
1 0.5787037037037037 0.6790123456790124 0.018518518518518517 0.03209876543209877
1 0.39675925925925926 0.6358024691358024 0.017592592592592594 0.0345679012345679
2 0.32731481481481484 0.7240740740740741 0.0712962962962963 0.018518518518518517
