0 0.24687499999999998 0.31736111111111115 0.03125 0.0625
0 0.3265625 0.31527777777777777 0.036458333333333336 0.058333333333333334
0 0.40989583333333335 0.31666666666666665 0.03854166666666667 0.05277777777777778
0 0.5036458333333333 0.31527777777777777 0.040625 0.05555555555555556
0 0.5697916666666667 0.3159722222222222 0.03958333333333333 0.051388888888888894
0 0.6354166666666666 0.31666666666666665 0.0375 0.05555555555555556
0 0.6364583333333333 0.3902777777777778 0.03125 0.05
0 0.5713541666666666 0.4215277777777778 0.03854166666666667 0.059722222222222225
0 0.503125 0.42291666666666666 0.03958333333333333 0.05694444444444444
0 0.409375 0.4236111111111111 0.0375 0.0638888888888889
0 0.3265625 0.4222222222222222 0.036458333333333336 0.05555555555555556
0 0.24687499999999998 0.41875 0.03958333333333333 0.04861111111111111
0 0.2140625 0.6027777777777777 0.051041666666666666 0.05277777777777778
0 0.36614583333333334 0.6034722222222223 0.04895833333333333 0.0625
0 0.39375 0.6888888888888889 0.04583333333333333 0.05
0 0.21041666666666667 0.6895833333333333 0.04791666666666666 0.051388888888888894
0 0.2947916666666667 0.7777777777777778 0.03333333333333333 0.05555555555555556
0 0.3833333333333333 0.775 0.08125 0.05555555555555556
0 0.46197916666666666 0.7770833333333333 0.036458333333333336 0.059722222222222225
0 0.5494791666666666 0.7743055555555556 0.08229166666666667 0.06527777777777778
2 0.6354166666666666 0.41944444444444445 0.041666666666666664 0.016666666666666666
1 0.37916666666666665 0.5916666666666667 0.008333333333333333 0.019444444444444445
1 0.23124999999999998 0.5930555555555556 0.0125 0.02777777777777778
1 0.22864583333333333 0.6777777777777778 0.009375 0.02777777777777778
1 0.40989583333333335 0.6805555555555556 0.013541666666666667 0.025
