0 0.17801418439716313 0.17132442284325636 0.08936170212765958 0.04131227217496962
0 0.5439716312056738 0.17132442284325636 0.08936170212765958 0.04131227217496962
0 0.5624113475177306 0.3335358444714459 0.08652482269503546 0.1057108140947752
0 0.17021276595744683 0.3317132442284325 0.0624113475177305 0.09963547995139732
0 0.15815602836879433 0.5309842041312272 0.03829787234042553 0.03645200486026731
0 0.5205673758865249 0.5297691373025516 0.05390070921985816 0.03645200486026731
0 0.6382978723404256 0.6682867557715674 0.1446808510638298 0.051032806804374234
0 0.19432624113475178 0.666464155528554 0.11914893617021277 0.04495747266099635
0 0.2 0.7387606318347508 0.12198581560283689 0.04617253948967193
0 0.17801418439716313 0.882138517618469 0.08085106382978724 0.04617253948967193
0 0.6035460992907802 0.8754556500607532 0.16312056737588654 0.059538274605103275
2 0.5794326241134752 0.335965978128797 0.04397163120567376 0.015795868772782502
2 0.18014184397163122 0.3377885783718104 0.019858156028368795 0.01215066828675577
2 0.15319148936170213 0.5078979343863912 0.04539007092198582 0.01701093560145808
2 0.5198581560283688 0.508505467800729 0.06950354609929078 0.015795868772782502
