0 0.18796296296296297 0.12654320987654322 0.03333333333333333 0.050617283950617285
0 0.18935185185185185 0.15432098765432098 0.07685185185185185 0.08148148148148147
0 0.27546296296296297 0.48641975308641977 0.05277777777777778 0.07901234567901234
0 0.46574074074074073 0.4888888888888889 0.08148148148148149 0.08395061728395062
0 0.6787037037037037 0.4876543209876543 0.061111111111111116 0.16049382716049382
0 0.7166666666666667 0.7061728395061728 0.05185185185185186 0.07654320987654321
0 0.5351851851851852 0.7074074074074074 0.05925925925925926 0.07160493827160494
0 0.31574074074074077 0.7117283950617284 0.11296296296296297 0.1691358024691358
1 0.2555555555555556 0.12407407407407407 0.022222222222222223 0.030864197530864196
1 0.3199074074074074 0.4580246913580247 0.012037037037037037 0.024691358024691357
1 0.5240740740740741 0.4574074074074074 0.014814814814814815 0.030864197530864196
1 0.737037037037037 0.41172839506172837 0.012962962962962964 0.03333333333333333
1 0.7564814814814815 0.6820987654320988 0.016666666666666666 0.03580246913580247
1 0.575925925925926 0.6820987654320988 0.014814814814814815 0.03580246913580247
1 0.39351851851851855 0.6358024691358024 0.012962962962962964 0.027160493827160494
2 0.32685185185185184 0.7228395061728395 0.07222222222222223 0.016049382716049384
2 0.6870370370370371 0.49506172839506174 0.02592592592592593 0.019753086419753086
