0 0.4149122807017544 0.1982758620689655 0.1631578947368421 0.07088122605363985
0 0.16842105263157894 0.19923371647509577 0.028070175438596492 0.034482758620689655
0 0.22543859649122808 0.4568965517241379 0.10350877192982456 0.047892720306513405
0 0.3719298245614035 0.4540229885057471 0.1473684210526316 0.04980842911877394
0 0.6789473684210526 0.45306513409961685 0.08070175438596491 0.040229885057471264
0 0.7921052631578948 0.45881226053639845 0.04035087719298246 0.07471264367816091
0 0.8807017543859649 0.4626436781609195 0.03508771929824561 0.09003831417624521
0 0.2807017543859649 0.6743295019157087 0.10877192982456141 0.04597701149425287
0 0.4105263157894737 0.675287356321839 0.11578947368421053 0.047892720306513405
0 0.15 0.6762452107279693 0.10701754385964912 0.04597701149425287
0 0.15964912280701754 0.8649425287356322 0.021052631578947368 0.02490421455938697
0 0.15964912280701754 0.8726053639846743 0.0456140350877193 0.05555555555555555
0 0.3368421052631579 0.8601532567049808 0.03508771929824561 0.022988505747126436
0 0.3315789473684211 0.867816091954023 0.028070175438596492 0.06130268199233716
0 0.46842105263157896 0.8620689655172413 0.017543859649122806 0.019157088122605363
0 0.4675438596491228 0.8793103448275862 0.03333333333333333 0.038314176245210725
0 0.5412280701754386 0.8726053639846743 0.02280701754385965 0.040229885057471264
1 0.39473684210526316 0.1925287356321839 0.014035087719298246 0.02490421455938697
2 0.4412280701754386 0.20306513409961685 0.03333333333333333 0.011494252873563218
1 0.44649122807017544 0.21168582375478925 0.012280701754385965 0.013409961685823753
1 0.3350877192982456 0.446360153256705 0.007017543859649123 0.019157088122605363
1 0.26403508771929823 0.44731800766283525 0.008771929824561403 0.017241379310344827
3 0.7070175438596491 0.44923371647509575 0.014035087719298246 0.021072796934865898
2 0.6298245614035087 0.4636015325670498 0.021052631578947368 0.011494252873563218
2 0.7973684210526316 0.4616858237547892 0.015789473684210527 0.011494252873563218
1 0.8578947368421053 0.450191570881226 0.014035087719298246 0.01532567049808429
2 0.8973684210526316 0.4636015325670498 0.02982456140350877 0.011494252873563218
1 0.4456140350877193 0.6685823754789272 0.014035087719298246 0.01532567049808429
3 0.39473684210526316 0.6676245210727969 0.010526315789473684 0.013409961685823753
3 0.3219298245614035 0.6676245210727969 0.012280701754385965 0.017241379310344827
1 0.3719298245614035 0.8668582375478927 0.014035087719298246 0.021072796934865898
