0 0.29503546099290784 0.1984304932735426 0.13900709219858157 0.07847533632286996
0 0.48085106382978726 0.1984304932735426 0.13900709219858157 0.07847533632286996
0 0.64822695035461 0.19730941704035873 0.13617021276595745 0.08071748878923767
0 0.8290780141843972 0.2006726457399103 0.14042553191489363 0.08744394618834081
0 0.8347517730496454 0.3251121076233184 0.052482269503546106 0.06726457399103139
0 0.7191489361702128 0.3273542600896861 0.10496453900709221 0.07174887892376682
0 0.5843971631205674 0.3239910313901345 0.10496453900709221 0.05605381165919283
0 0.4560283687943263 0.32623318385650224 0.10354609929078015 0.06053811659192825
0 0.31843971631205675 0.3251121076233184 0.10070921985815603 0.053811659192825115
0 0.3219858156028369 0.5213004484304933 0.10780141843971631 0.06502242152466367
0 0.45248226950354614 0.5246636771300448 0.1021276595744681 0.053811659192825115
0 0.5510638297872341 0.413677130044843 0.04680851063829788 0.06502242152466367
0 0.5872340425531916 0.523542600896861 0.10496453900709221 0.06053811659192825
0 0.7191489361702128 0.5224215246636771 0.10496453900709221 0.05829596412556054
0 0.6120567375886525 0.7544843049327354 0.055319148936170216 0.07847533632286996
0 0.5163120567375887 0.804932735426009 0.04255319148936171 0.06278026905829596
0 0.34893617021276596 0.8015695067264574 0.04539007092198582 0.06502242152466367
0 0.5205673758865249 0.6087443946188341 0.04255319148936171 0.06053811659192825
2 0.5524822695035462 0.3755605381165919 0.6085106382978723 0.02914798206278027
2 0.5191489361702128 0.5661434977578476 0.5446808510638298 0.020179372197309416
2 0.5113475177304965 0.7634529147982063 0.04397163120567376 0.020179372197309416
2 0.349645390070922 0.7645739910313901 0.2 0.02242152466367713
