0 0.3052208835341365 0.1568181818181818 0.050870147255689425 0.09545454545454544
0 0.5073627844712182 0.2818181818181818 0.03480589022757697 0.045454545454545456
0 0.5053547523427041 0.5193181818181818 0.05488621151271753 0.05227272727272727
0 0.36010709504685406 0.5170454545454545 0.058902275769745646 0.04772727272727272
0 0.2074966532797858 0.39886363636363636 0.0749665327978581 0.10681818181818181
0 0.33065595716198126 0.2761363636363636 0.018741633199464525 0.05227272727272727
0 0.19210174029451138 0.2772727272727273 0.03614457831325301 0.049999999999999996
0 0.06358768406961178 0.27954545454545454 0.028112449799196786 0.049999999999999996
0 0.08500669344042838 0.5215909090909091 0.07095046854082998 0.04318181818181818
0 0.2697456492637215 0.6352272727272728 0.049531459170013385 0.10227272727272727
0 0.35207496653279785 0.7568181818181818 0.05622489959839357 0.049999999999999996
0 0.5053547523427041 0.7556818181818181 0.05488621151271753 0.05227272727272727
0 0.33467202141900937 0.875 0.10441767068273092 0.10454545454545454
0 0.20548862115127176 0.7556818181818181 0.03614457831325301 0.04772727272727272
0 0.06693440428380187 0.759090909090909 0.0321285140562249 0.045454545454545456
0 0.22423025435073626 0.5147727272727273 0.07362784471218206 0.056818181818181816
1 0.321285140562249 0.17272727272727273 0.0107095046854083 0.01818181818181818
2 0.3145917001338688 0.1590909090909091 0.018741633199464525 0.01818181818181818
2 0.2182061579651941 0.4068181818181818 0.03748326639892905 0.022727272727272728
2 0.22824631860776437 0.41818181818181815 0.009370816599732263 0.02727272727272727
2 0.2791164658634538 0.6443181818181818 0.014725568942436412 0.020454545454545454
2 0.34471218206157966 0.8852272727272726 0.07362784471218206 0.024999999999999998
1 0.3748326639892905 0.8443181818181817 0.0107095046854083 0.024999999999999998
2 0.25234270414993304 0.884090909090909 0.04149933065595716 0.01818181818181818
