0 0.33472222222222225 0.2716049382716049 0.03796296296296296 0.05432098765432099
0 0.5166666666666667 0.2685185185185185 0.03888888888888889 0.05802469135802469
0 0.687962962962963 0.2679012345679012 0.037037037037037035 0.05925925925925926
0 0.6893518518518519 0.3388888888888889 0.062037037037037036 0.05802469135802469
0 0.5101851851851852 0.33641975308641975 0.05740740740740741 0.053086419753086415
0 0.674074074074074 0.3191358024691358 0.02777777777777778 0.03580246913580247
0 0.33796296296296297 0.34012345679012346 0.031481481481481485 0.05802469135802469
0 0.21435185185185185 0.42160493827160495 0.026851851851851852 0.03827160493827161
0 0.2833333333333333 0.45185185185185184 0.04259259259259259 0.10617283950617283
0 0.38657407407407407 0.4524691358024691 0.08240740740740742 0.11234567901234567
0 0.4962962962962963 0.4537037037037037 0.053703703703703705 0.10493827160493827
0 0.5782407407407407 0.42407407407407405 0.04166666666666667 0.05802469135802469
0 0.662962962962963 0.42530864197530865 0.040740740740740744 0.05555555555555555
0 0.5805555555555556 0.48333333333333334 0.05555555555555556 0.050617283950617285
0 0.3027777777777778 0.5611111111111111 0.05 0.05802469135802469
0 0.35879629629629634 0.5617283950617283 0.032407407407407406 0.05185185185185185
0 0.4356481481481482 0.5679012345679012 0.05277777777777778 0.04197530864197531
0 0.29814814814814816 0.6265432098765432 0.031481481481481485 0.04814814814814815
0 0.3652777777777778 0.6283950617283951 0.036111111111111115 0.05432098765432099
0 0.22592592592592595 0.6259259259259259 0.03333333333333333 0.04938271604938271
0 0.22083333333333335 0.562962962962963 0.03981481481481482 0.05432098765432099
0 0.24074074074074076 0.6981481481481482 0.037037037037037035 0.04814814814814815
0 0.3180555555555556 0.6993827160493827 0.036111111111111115 0.053086419753086415
0 0.3800925925925926 0.7006172839506173 0.036111111111111115 0.053086419753086415
0 0.45462962962962966 0.6987654320987654 0.031481481481481485 0.06172839506172839
0 0.3837962962962963 0.7580246913580246 0.025 0.04197530864197531
0 0.32037037037037036 0.7611111111111111 0.03518518518518519 0.050617283950617285
0 0.23703703703703705 0.7648148148148148 0.04259259259259259 0.05555555555555555
0 0.14351851851851852 0.762962962962963 0.05740740740740741 0.04938271604938271
0 0.1486111111111111 0.6950617283950618 0.04351851851851852 0.04938271604938271
0 0.2888888888888889 0.8345679012345679 0.061111111111111116 0.05185185185185185
0 0.3902777777777778 0.8302469135802469 0.03981481481481482 0.04567901234567901
0 0.48379629629629634 0.8320987654320987 0.03425925925925926 0.05185185185185185
0 0.2939814814814815 0.8919753086419753 0.04537037037037037 0.04567901234567901
0 0.2189814814814815 0.832716049382716 0.028703703703703703 0.04567901234567901
0 0.21712962962962964 0.8895061728395062 0.05092592592592593 0.04074074074074074
0 0.12916666666666668 0.8308641975308642 0.03796296296296296 0.04938271604938271
0 0.12916666666666668 0.8907407407407407 0.05462962962962963 0.043209876543209874
2 0.3337962962962963 0.30864197530864196 0.05092592592592593 0.014814814814814815
2 0.5120370370370371 0.30925925925925923 0.07777777777777778 0.016049382716049384
2 0.687962962962963 0.3055555555555555 0.06851851851851852 0.018518518518518517
2 0.6439814814814815 0.1419753086419753 0.03425925925925926 0.014814814814814815
2 0.7574074074074074 0.1419753086419753 0.07222222222222223 0.024691358024691357
2 0.3078703703703704 0.14938271604938272 0.036111111111111115 0.019753086419753086
2 0.17083333333333334 0.14814814814814814 0.07685185185185185 0.01728395061728395
2 0.2125 0.45493827160493827 0.04166666666666667 0.016049382716049384
2 0.2925925925925926 0.45555555555555555 0.018518518518518517 0.009876543209876543
2 0.3912037037037037 0.458641975308642 0.06018518518518519 0.016049382716049384
2 0.5013888888888889 0.4574074074074074 0.036111111111111115 0.016049382716049384
2 0.5777777777777778 0.45555555555555555 0.05555555555555556 0.014814814814814815
2 0.6620370370370371 0.454320987654321 0.05555555555555556 0.022222222222222223
2 0.4365740740740741 0.6024691358024691 0.058333333333333334 0.019753086419753086
2 0.33101851851851855 0.5981481481481481 0.11574074074074074 0.016049382716049384
2 0.22175925925925927 0.6006172839506173 0.05092592592592593 0.016049382716049384
2 0.14583333333333334 0.7339506172839506 0.0712962962962963 0.018518518518518517
2 0.23287037037037037 0.7358024691358025 0.06574074074074074 0.019753086419753086
2 0.3462962962962963 0.7339506172839506 0.11481481481481481 0.023456790123456788
2 0.4532407407407408 0.7333333333333333 0.04537037037037037 0.012345679012345678
2 0.47453703703703703 0.865432098765432 0.05648148148148149 0.014814814814814815
2 0.3856481481481482 0.869753086419753 0.062037037037037036 0.013580246913580247
2 0.25416666666666665 0.8685185185185185 0.14166666666666666 0.020987654320987655
2 0.12592592592592594 0.8666666666666667 0.05925925925925926 0.01728395061728395
0 0.638888888888889 0.1339506172839506 0.07592592592592592 0.1419753086419753
0 0.7648148148148148 0.09691358024691357 0.061111111111111116 0.07777777777777778
0 0.7643518518518518 0.1728395061728395 0.06018518518518519 0.0691358024691358
0 0.3027777777777778 0.14135802469135803 0.07222222222222223 0.1345679012345679
0 0.17453703703703705 0.10123456790123457 0.06944444444444445 0.07160493827160494
0 0.1800925925925926 0.18209876543209877 0.06574074074074074 0.06790123456790123
0 0.2175925925925926 0.48333333333333334 0.037037037037037035 0.04814814814814815
