0 0.312 0.14638157894736842 0.044 0.08223684210526315
0 0.535 0.14802631578947367 0.182 0.17105263157894735
0 0.5650000000000001 0.5838815789473684 0.126 0.09539473684210525
0 0.733 0.5805921052631579 0.13 0.08881578947368421
0 0.256 0.7351973684210525 0.248 0.10197368421052631
0 0.259 0.8470394736842105 0.154 0.09539473684210525
1 0.553 0.09868421052631579 0.014 0.03289473684210526
1 0.845 0.5953947368421052 0.03 0.019736842105263157
1 0.253 0.7960526315789473 0.254 0.02631578947368421
1 0.32 0.8338815789473684 0.016 0.03618421052631579
1 0.241 0.8322368421052632 0.014 0.039473684210526314
1 0.61 0.1825657894736842 0.016 0.029605263157894735
1 0.191 0.7236842105263157 0.018000000000000002 0.02631578947368421
1 0.271 0.7220394736842105 0.018000000000000002 0.03618421052631579
