0 0.1901743264659271 0.5709219858156028 0.08874801901743265 0.10638297872340426
0 0.3874801901743265 0.5260047281323877 0.08716323296354993 0.11583924349881797
0 0.5903328050713154 0.5200945626477541 0.09033280507131537 0.10401891252955082
0 0.5071315372424723 0.7576832151300236 0.09508716323296355 0.09692671394799054
0 0.6664025356576863 0.7541371158392435 0.08716323296354993 0.09929078014184398
0 0.34944532488114105 0.7565011820330969 0.09033280507131537 0.10401891252955082
0 0.19334389857369255 0.75177304964539 0.09508716323296355 0.09456264775413711
0 0.19413629160063392 0.8912529550827423 0.08716323296354993 0.10401891252955082
0 0.838351822503962 0.5756501182033097 0.07606973058637084 0.11583924349881797
2 0.38510301109350237 0.5815602836879432 0.10142630744849446 0.02364066193853428
2 0.5887480190174327 0.5803782505910166 0.09984152139461173 0.026004728132387706
2 0.6965134706814581 0.5815602836879432 0.03328050713153724 0.02364066193853428
