0 0.16666666666666666 0.30390492359932086 0.07172995780590717 0.07130730050933785
0 0.3512658227848101 0.30390492359932086 0.0780590717299578 0.06791171477079797
0 0.54957805907173 0.30220713073005095 0.09071729957805906 0.06451612903225806
0 0.7341772151898733 0.33531409168081494 0.08860759493670885 0.06281833616298811
0 0.49894514767932485 0.4940577249575552 0.08227848101265822 0.06112054329371817
0 0.3154008438818565 0.45755517826825126 0.08227848101265822 0.06281833616298811
0 0.1339662447257384 0.4898132427843803 0.08649789029535865 0.059422750424448216
0 0.32594936708860756 0.6935483870967741 0.08227848101265822 0.06960950764006792
0 0.5094936708860759 0.6935483870967741 0.07383966244725738 0.06621392190152801
0 0.6550632911392404 0.6943972835314092 0.0780590717299578 0.06791171477079797
0 0.811181434599156 0.7292020373514431 0.08227848101265822 0.0730050933786078
0 0.16877637130801687 0.7300509337860781 0.08016877637130801 0.07130730050933785
0 0.14240506329113922 0.8471986417657046 0.09493670886075949 0.06791171477079797
0 0.31962025316455694 0.8480475382003395 0.08227848101265822 0.06621392190152801
2 0.14978902953586495 0.3471986417657046 0.12236286919831223 0.025466893039049237
2 0.33755274261603374 0.3463497453310696 0.12236286919831223 0.01697792869269949
2 0.5274261603375527 0.3463497453310696 0.13080168776371306 0.020373514431239387
2 0.2911392405063291 0.5008488964346349 0.12658227848101264 0.020373514431239387
2 0.3090717299578059 0.7436332767402377 0.09915611814345991 0.023769100169779286
2 0.4862869198312236 0.7427843803056027 0.12447257383966244 0.015280135823429542
2 0.6529535864978903 0.7376910016977929 0.09071729957805906 0.01867572156196944
2 0.30379746835443033 0.8972835314091681 0.12236286919831223 0.022071307300509338
2 0.13080168776371306 0.8981324278438031 0.08860759493670885 0.013582342954159592
