0 0.28194444444444444 0.08828125 0.03333333333333333 0.0234375
0 0.33263888888888893 0.08750000000000001 0.04027777777777778 0.018750000000000003
0 0.32708333333333334 0.082421875 0.018055555555555557 0.014843750000000001
0 0.39513888888888893 0.08671875000000001 0.02361111111111111 0.0234375
0 0.45833333333333337 0.08867187500000001 0.030555555555555558 0.022656250000000003
0 0.6951388888888889 0.087890625 0.10138888888888889 0.032031250000000004
0 0.8097222222222222 0.086328125 0.09166666666666667 0.02890625
0 0.2673611111111111 0.18710937500000002 0.020833333333333336 0.01640625
0 0.3493055555555556 0.177734375 0.043055555555555555 0.01953125
0 0.4166666666666667 0.1765625 0.02777777777777778 0.035937500000000004
0 0.7020833333333334 0.186328125 0.0375 0.01640625
0 0.7791666666666667 0.1859375 0.036111111111111115 0.018750000000000003
0 0.8520833333333334 0.184375 0.034722222222222224 0.0203125
0 0.7701388888888889 0.299609375 0.04027777777777778 0.039843750000000004
0 0.8333333333333334 0.30078125 0.036111111111111115 0.021875000000000002
0 0.37777777777777777 0.30234375 0.036111111111111115 0.0328125
0 0.31527777777777777 0.30000000000000004 0.03888888888888889 0.0171875
0 0.2569444444444445 0.30117187500000003 0.025 0.01953125
0 0.2652777777777778 0.420703125 0.05 0.032031250000000004
0 0.26458333333333334 0.41953125 0.03194444444444445 0.040625
0 0.7138888888888889 0.42812500000000003 0.15 0.0421875
0 0.6548611111111111 0.413671875 0.04583333333333334 0.022656250000000003
0 0.7027777777777778 0.42265625 0.14722222222222223 0.029687500000000002
0 0.6722222222222223 0.542578125 0.022222222222222223 0.02890625
0 0.7284722222222223 0.5437500000000001 0.018055555555555557 0.026562500000000003
0 0.7854166666666667 0.5437500000000001 0.018055555555555557 0.029687500000000002
0 0.3576388888888889 0.421875 0.03194444444444445 0.018750000000000003
0 0.3666666666666667 0.5421875 0.025 0.03125
0 0.3145833333333333 0.541015625 0.04583333333333334 0.03515625
0 0.2569444444444445 0.54140625 0.022222222222222223 0.0390625
0 0.2715277777777778 0.8070312500000001 0.03194444444444445 0.015625
0 0.34375 0.81015625 0.043055555555555555 0.0234375
0 0.6944444444444444 0.8089843750000001 0.03333333333333333 0.01953125
0 0.788888888888889 0.810546875 0.036111111111111115 0.022656250000000003
2 0.7340277777777778 0.08750000000000001 0.018055555555555557 0.00625
2 0.7979166666666667 0.08828125 0.018055555555555557 0.00625
2 0.8451388888888889 0.0890625 0.020833333333333336 0.004687500000000001
2 0.4222222222222222 0.17929687500000002 0.019444444444444445 0.0054687500000000005
2 0.6847222222222222 0.087890625 0.019444444444444445 0.00859375
2 0.2791666666666667 0.17890625000000002 0.05555555555555556 0.009375000000000001
1 0.28194444444444444 0.41953125 0.01388888888888889 0.009375000000000001
1 0.7069444444444445 0.415625 0.016666666666666666 0.009375000000000001
1 0.7854166666666667 0.41640625000000003 0.02361111111111111 0.010937500000000001
2 0.25833333333333336 0.5421875 0.022222222222222223 0.004687500000000001
2 0.32430555555555557 0.542578125 0.015277777777777779 0.00703125
2 0.36736111111111114 0.5421875 0.02361111111111111 0.0078125
2 0.6847222222222222 0.42812500000000003 0.01388888888888889 0.00625
2 0.7625000000000001 0.42890625000000004 0.01388888888888889 0.004687500000000001
2 0.6743055555555556 0.54609375 0.015277777777777779 0.00625
2 0.7319444444444445 0.54453125 0.016666666666666666 0.00625
2 0.7854166666666667 0.5453125 0.018055555555555557 0.004687500000000001
2 0.71875 0.302734375 0.029166666666666667 0.00703125
2 0.7777777777777778 0.30234375 0.016666666666666666 0.00625
2 0.38333333333333336 0.303515625 0.022222222222222223 0.00859375
2 0.38819444444444445 0.8089843750000001 0.018055555555555557 0.00703125
