0 0.2798611111111111 0.087890625 0.03194444444444445 0.017968750000000002
0 0.34097222222222223 0.08750000000000001 0.034722222222222224 0.0234375
0 0.39513888888888893 0.086328125 0.018055555555555557 0.02734375
0 0.46597222222222223 0.08867187500000001 0.0375 0.02109375
0 0.7027777777777778 0.0859375 0.10833333333333334 0.040625
0 0.8076388888888889 0.08750000000000001 0.09027777777777778 0.0421875
0 0.42083333333333334 0.17695312500000002 0.03888888888888889 0.041406250000000006
0 0.7069444444444445 0.18476562500000002 0.03888888888888889 0.017968750000000002
0 0.7791666666666667 0.18476562500000002 0.044444444444444446 0.017968750000000002
0 0.8555555555555556 0.185546875 0.03888888888888889 0.022656250000000003
0 0.9180555555555556 0.186328125 0.02777777777777778 0.01640625
0 0.3527777777777778 0.17578125 0.036111111111111115 0.025
0 0.26458333333333334 0.186328125 0.020833333333333336 0.02109375
0 0.3138888888888889 0.299609375 0.036111111111111115 0.017968750000000002
0 0.26319444444444445 0.299609375 0.04583333333333334 0.025781250000000002
0 0.7138888888888889 0.29765625 0.044444444444444446 0.040625
0 0.7701388888888889 0.30000000000000004 0.043055555555555555 0.037500000000000006
0 0.8361111111111111 0.30117187500000003 0.036111111111111115 0.02890625
0 0.7125 0.4265625 0.15555555555555556 0.0390625
0 0.3180555555555556 0.419921875 0.14444444444444446 0.02890625
0 0.3666666666666667 0.5421875 0.025 0.035937500000000004
0 0.3138888888888889 0.5421875 0.04166666666666667 0.034375
0 0.25416666666666665 0.54140625 0.02777777777777778 0.037500000000000006
0 0.6708333333333334 0.5421875 0.022222222222222223 0.029687500000000002
0 0.7305555555555556 0.543359375 0.025 0.032031250000000004
0 0.7854166666666667 0.5437500000000001 0.02361111111111111 0.035937500000000004
0 0.7041666666666667 0.8113281250000001 0.044444444444444446 0.022656250000000003
0 0.7958333333333334 0.81015625 0.05 0.028125
0 0.41875 0.80625 0.043055555555555555 0.018750000000000003
0 0.3479166666666667 0.81015625 0.034722222222222224 0.021875000000000002
0 0.2777777777777778 0.8089843750000001 0.030555555555555558 0.02421875
2 0.6833333333333333 0.08945312500000001 0.022222222222222223 0.0054687500000000005
2 0.732638888888889 0.0890625 0.02361111111111111 0.004687500000000001
2 0.8465277777777778 0.087890625 0.020833333333333336 0.0054687500000000005
2 0.7930555555555556 0.08945312500000001 0.019444444444444445 0.00703125
2 0.425 0.17929687500000002 0.019444444444444445 0.00390625
2 0.2763888888888889 0.177734375 0.0638888888888889 0.00859375
2 0.7791666666666667 0.30312500000000003 0.011111111111111112 0.0078125
2 0.3805555555555556 0.302734375 0.022222222222222223 0.00390625
2 0.7166666666666667 0.3015625 0.02777777777777778 0.004687500000000001
2 0.763888888888889 0.42812500000000003 0.016666666666666666 0.00625
2 0.25972222222222224 0.5417968750000001 0.019444444444444445 0.00703125
2 0.3215277777777778 0.54296875 0.015277777777777779 0.004687500000000001
2 0.6736111111111112 0.544921875 0.01388888888888889 0.00859375
2 0.7298611111111112 0.5453125 0.015277777777777779 0.00625
2 0.7833333333333333 0.5453125 0.019444444444444445 0.004687500000000001
1 0.2833333333333333 0.41914062500000004 0.011111111111111112 0.01015625
1 0.37777777777777777 0.41640625000000003 0.01388888888888889 0.0078125
1 0.7048611111111112 0.41640625000000003 0.0125 0.0078125
1 0.7833333333333333 0.416015625 0.01388888888888889 0.01171875
2 0.3923611111111111 0.81015625 0.015277777777777779 0.009375000000000001
