0 0.35234375 0.1746987951807229 0.0765625 0.09397590361445785
0 0.6820312500000001 0.1746987951807229 0.07968750000000001 0.09397590361445785
0 0.81953125 0.4301204819277109 0.0734375 0.09397590361445785
0 0.77265625 0.555421686746988 0.07968750000000001 0.0891566265060241
0 0.48671875000000003 0.4301204819277109 0.0671875 0.07951807228915664
0 0.42734375 0.5566265060240965 0.0734375 0.09156626506024097
0 0.1640625 0.4301204819277109 0.06875 0.09397590361445785
0 0.22109375 0.5530120481927712 0.07968750000000001 0.09397590361445785
0 0.37343750000000003 0.6819277108433736 0.065625 0.08674698795180724
0 0.19687500000000002 0.8072289156626506 0.078125 0.09156626506024097
