0 0.2777777777777778 0.3919753086419753 0.037037037037037035 0.05802469135802469
0 0.29583333333333334 0.49876543209876545 0.04351851851851852 0.05185185185185185
0 0.2916666666666667 0.6129629629629629 0.053703703703703705 0.06296296296296296
0 0.29444444444444445 0.7154320987654321 0.04814814814814815 0.050617283950617285
0 0.3842592592592593 0.7154320987654321 0.040740740740740744 0.06049382716049383
0 0.4689814814814815 0.7111111111111111 0.04166666666666667 0.056790123456790124
0 0.42129629629629634 0.7944444444444444 0.03518518518518519 0.04814814814814815
0 0.42129629629629634 0.8419753086419753 0.03888888888888889 0.04197530864197531
0 0.3023148148148148 0.8308641975308642 0.06944444444444445 0.10123456790123457
1 0.32592592592592595 0.4919753086419753 0.012962962962962964 0.025925925925925925
1 0.30833333333333335 0.6 0.011111111111111112 0.027160493827160494
2 0.30833333333333335 0.8395061728395061 0.03518518518518519 0.019753086419753086
2 0.4189814814814815 0.8265432098765432 0.04537037037037037 0.016049382716049384
