0 0.16944444444444445 0.391358024691358 0.05740740740740741 0.06172839506172839
0 0.4851851851851852 0.391358024691358 0.05 0.056790123456790124
0 0.5907407407407408 0.5080246913580246 0.05925925925925926 0.05555555555555555
0 0.1851851851851852 0.5067901234567901 0.06296296296296297 0.11481481481481481
1 0.225 0.36790123456790125 0.024074074074074074 0.02962962962962963
1 0.538425925925926 0.36666666666666664 0.019444444444444445 0.027160493827160494
1 0.6407407407407407 0.48333333333333334 0.020370370370370372 0.028395061728395062
1 0.25092592592592594 0.4537037037037037 0.018518518518518517 0.025925925925925925
2 0.19814814814814816 0.5148148148148148 0.02962962962962963 0.01728395061728395
2 0.37962962962962965 0.49691358024691357 0.03518518518518519 0.016049382716049384
