0 0.16805555555555557 0.32469135802469135 0.0638888888888889 0.12098765432098765
0 0.4898148148148148 0.3234567901234568 0.10555555555555556 0.1037037037037037
0 0.49259259259259264 0.48641975308641977 0.11111111111111112 0.10617283950617283
0 0.1953703703703704 0.48580246913580244 0.10925925925925926 0.10493827160493827
0 0.21064814814814817 0.6487654320987655 0.14166666666666666 0.12469135802469136
0 0.49259259259259264 0.6506172839506172 0.11481481481481481 0.12345679012345678
0 0.8245370370370371 0.32469135802469135 0.11388888888888889 0.1037037037037037
0 0.8412037037037038 0.48518518518518516 0.11018518518518519 0.1037037037037037
0 0.8666666666666667 0.6555555555555556 0.18333333333333335 0.12345679012345678
3 0.2652777777777778 0.641358024691358 0.02314814814814815 0.04814814814814815
3 0.9333333333333333 0.6401234567901234 0.016666666666666666 0.04074074074074074
