0 0.3578703703703704 0.3888888888888889 0.03425925925925926 0.04938271604938271
0 0.3560185185185185 0.4901234567901234 0.05092592592592593 0.05185185185185185
0 0.3597222222222222 0.6320987654320988 0.04722222222222222 0.044444444444444446
0 0.43842592592592594 0.6345679012345679 0.03425925925925926 0.05185185185185185
0 0.5 0.6376543209876543 0.03333333333333333 0.053086419753086415
0 0.45231481481481484 0.7518518518518519 0.030555555555555558 0.046913580246913576
0 0.45046296296296295 0.8098765432098766 0.026851851851851852 0.044444444444444446
0 0.3685185185185185 0.7808641975308642 0.07222222222222223 0.09753086419753086
1 0.39212962962962966 0.3796296296296296 0.01388888888888889 0.023456790123456788
1 0.3685185185185185 0.4839506172839506 0.016666666666666666 0.022222222222222223
2 0.37453703703703706 0.7790123456790123 0.030555555555555558 0.01728395061728395
2 0.4513888888888889 0.7833333333333333 0.04537037037037037 0.016049382716049384
