0 0.512962962962963 0.35493827160493824 0.04259259259259259 0.06049382716049383
0 0.5851851851851853 0.35864197530864195 0.04259259259259259 0.0654320987654321
0 0.5935185185185186 0.4530864197530864 0.037037037037037035 0.05185185185185185
0 0.19907407407407407 0.4493827160493827 0.07037037037037037 0.056790123456790124
0 0.2337962962962963 0.6240740740740741 0.04351851851851852 0.04814814814814815
0 0.33842592592592596 0.6265432098765432 0.04537037037037037 0.06790123456790123
0 0.25 0.7179012345679012 0.044444444444444446 0.050617283950617285
0 0.33101851851851855 0.7185185185185186 0.04351851851851852 0.05432098765432099
0 0.17314814814814816 0.7166666666666667 0.04814814814814815 0.05802469135802469
0 0.5907407407407408 0.6259259259259259 0.0462962962962963 0.05185185185185185
0 0.6134259259259259 0.7172839506172839 0.0638888888888889 0.05925925925925926
0 0.7032407407407407 0.7166666666666667 0.04722222222222222 0.05555555555555555
