0 0.4800925925925926 0.23580246913580247 0.05277777777777778 0.056790123456790124
0 0.5680555555555555 0.23888888888888887 0.05277777777777778 0.06296296296296296
0 0.6731481481481482 0.2382716049382716 0.07592592592592592 0.05925925925925926
0 0.5625 0.35493827160493824 0.0712962962962963 0.13209876543209875
0 0.4587962962962963 0.31851851851851853 0.058333333333333334 0.05925925925925926
0 0.4620370370370371 0.391358024691358 0.0462962962962963 0.05432098765432099
0 0.5731481481481482 0.6259259259259259 0.05555555555555556 0.13580246913580246
0 0.6625 0.591358024691358 0.04537037037037037 0.0691358024691358
0 0.6643518518518519 0.6685185185185185 0.05092592592592593 0.06296296296296296
0 0.3050925925925926 0.6234567901234568 0.04537037037037037 0.05925925925925926
0 0.23287037037037037 0.6234567901234568 0.03981481481481482 0.06172839506172839
0 0.13703703703703704 0.6228395061728395 0.06666666666666667 0.06296296296296296
2 0.5810185185185185 0.6327160493827161 0.025 0.020987654320987655
2 0.6638888888888889 0.6358024691358024 0.06296296296296297 0.024691358024691357
2 0.4569444444444445 0.3617283950617284 0.06018518518518519 0.01728395061728395
2 0.5736111111111112 0.3617283950617284 0.028703703703703703 0.014814814814814815
