0 0.6180555555555556 0.08518518518518518 0.05277777777777778 0.08888888888888889
0 0.6097222222222223 0.3080246913580247 0.07314814814814816 0.08765432098765431
0 0.6171296296296297 0.41790123456790124 0.07314814814814816 0.0728395061728395
0 0.2523148148148148 0.42530864197530865 0.0712962962962963 0.11481481481481481
0 0.22222222222222224 0.2876543209876543 0.08333333333333334 0.06666666666666667
0 0.2240740740740741 0.6419753086419753 0.06666666666666667 0.06172839506172839
0 0.33564814814814814 0.6407407407407407 0.04722222222222222 0.0691358024691358
0 0.44722222222222224 0.6419753086419753 0.06296296296296297 0.06666666666666667
0 0.29074074074074074 0.7265432098765432 0.05740740740740741 0.06790123456790123
0 0.43703703703703706 0.7271604938271605 0.053703703703703705 0.06172839506172839
0 0.38981481481481484 0.8185185185185185 0.05925925925925926 0.06419753086419754
0 0.5064814814814815 0.8154320987654321 0.053703703703703705 0.0654320987654321
0 0.2574074074074074 0.8141975308641975 0.05925925925925926 0.06049382716049383
0 0.2537037037037037 0.9012345679012346 0.06296296296296297 0.05925925925925926
0 0.3902777777777778 0.9049382716049382 0.06018518518518519 0.0691358024691358
