0 0.29577464788732394 0.5443037974683543 0.07511737089201878 0.03375527426160337
0 0.32159624413145543 0.6824894514767932 0.03286384976525822 0.018987341772151896
0 0.13615023474178403 0.6719409282700421 0.056338028169014086 0.02320675105485232
0 0.14084507042253522 0.7658227848101266 0.03755868544600939 0.025316455696202528
0 0.3943661971830986 0.751054852320675 0.06572769953051644 0.03797468354430379
0 0.36619718309859156 0.8196202531645569 0.056338028169014086 0.03164556962025316
0 0.5211267605633803 0.8227848101265822 0.07511737089201878 0.03797468354430379
0 0.2511737089201878 0.8248945147679324 0.04225352112676056 0.02953586497890295
0 0.32629107981220656 0.8533755274261603 0.051643192488262914 0.018987341772151896
2 0.17136150234741784 0.0970464135021097 0.3427230046948357 0.012658227848101264
2 0.6173708920187794 0.10021097046413502 0.39906103286384975 0.014767932489451475
1 0.49295774647887325 0.06540084388185653 0.03755868544600939 0.016877637130801686
1 0.323943661971831 0.06540084388185653 0.028169014084507043 0.012658227848101264
1 0.18779342723004694 0.20147679324894513 0.03755868544600939 0.014767932489451475
1 0.4107981220657277 0.20358649789029534 0.04225352112676056 0.018987341772151896
2 0.11267605633802817 0.22468354430379744 0.14084507042253522 0.010548523206751054
2 0.3685446009389671 0.22573839662447256 0.19248826291079812 0.012658227848101264
2 0.1971830985915493 0.35654008438818563 0.09389671361502347 0.012658227848101264
2 0.10093896713615023 0.4430379746835443 0.023474178403755867 0.012658227848101264
2 0.255868544600939 0.5295358649789029 0.1267605633802817 0.012658227848101264
2 0.107981220657277 0.6571729957805906 0.11267605633802817 0.014767932489451475
2 0.29107981220657275 0.6561181434599156 0.13145539906103287 0.012658227848101264
2 0.10093896713615023 0.7489451476793249 0.11737089201877934 0.008438818565400843
2 0.3051643192488263 0.8428270042194093 0.5258215962441315 0.018987341772151896
