0 0.29270462633451955 0.024096385542168672 0.030249110320284697 0.04417670682730923
0 0.3709964412811388 0.022088353413654616 0.03380782918149466 0.04417670682730923
0 0.5151245551601423 0.020080321285140562 0.04092526690391459 0.03614457831325301
0 0.39234875444839856 0.06626506024096385 0.03380782918149466 0.04417670682730923
0 0.33451957295373663 0.071285140562249 0.03202846975088968 0.04618473895582329
0 0.28024911032028466 0.0682730923694779 0.030249110320284697 0.04417670682730923
0 0.2749110320284697 0.13755020080321284 0.03380782918149466 0.04618473895582329
0 0.34430604982206403 0.13755020080321284 0.030249110320284697 0.04618473895582329
0 0.4056939501779359 0.11746987951807228 0.03202846975088968 0.03413654618473895
0 0.48576512455516013 0.11646586345381525 0.046263345195729534 0.040160642570281124
0 0.4030249110320285 0.1686746987951807 0.02669039145907473 0.040160642570281124
0 0.2882562277580071 0.214859437751004 0.03558718861209964 0.04417670682730923
0 0.28113879003558717 0.28212851405622486 0.042704626334519574 0.05421686746987951
0 0.44128113879003555 0.4718875502008032 0.03558718861209964 0.04417670682730923
0 0.39145907473309605 0.5271084337349398 0.08185053380782918 0.0502008032128514
0 0.23309608540925267 0.4728915662650602 0.03202846975088968 0.03413654618473895
0 0.15658362989323843 0.4718875502008032 0.02491103202846975 0.04417670682730923
0 0.07740213523131673 0.465863453815261 0.02669039145907473 0.04417670682730923
0 0.06494661921708185 0.5200803212851405 0.03380782918149466 0.040160642570281124
0 0.1396797153024911 0.5230923694779116 0.03380782918149466 0.04216867469879518
0 0.4875444839857651 0.5793172690763052 0.03202846975088968 0.04618473895582329
0 0.5774021352313167 0.5773092369477911 0.03380782918149466 0.05421686746987951
0 0.400355871886121 0.6676706827309237 0.028469750889679714 0.04216867469879518
0 0.2962633451957295 0.6636546184738955 0.09074733096085409 0.0502008032128514
0 0.18238434163701067 0.6656626506024096 0.06583629893238434 0.04618473895582329
0 0.10142348754448398 0.6676706827309237 0.03558718861209964 0.04618473895582329
0 0.11032028469750889 0.717871485943775 0.046263345195729534 0.04216867469879518
0 0.18594306049822062 0.717871485943775 0.030249110320284697 0.0502008032128514
0 0.2713523131672598 0.717871485943775 0.09074733096085409 0.0502008032128514
0 0.3567615658362989 0.716867469879518 0.03380782918149466 0.048192771084337345
0 0.17615658362989323 0.8353413654618473 0.03558718861209964 0.040160642570281124
0 0.24021352313167257 0.8363453815261044 0.03558718861209964 0.038152610441767064
0 0.3362989323843416 0.8383534136546184 0.028469750889679714 0.04618473895582329
0 0.40124555160142344 0.8353413654618473 0.03380782918149466 0.0321285140562249
0 0.4679715302491103 0.9327309236947791 0.03914590747330961 0.0502008032128514
0 0.5569395017793594 0.9347389558232931 0.03914590747330961 0.038152610441767064
0 0.3736654804270462 0.9367469879518071 0.03914590747330961 0.038152610441767064
0 0.30782918149466193 0.9357429718875501 0.03914590747330961 0.048192771084337345
0 0.2286476868327402 0.9347389558232931 0.02669039145907473 0.04216867469879518
0 0.1690391459074733 0.9357429718875501 0.03202846975088968 0.04417670682730923
0 0.2295373665480427 0.8885542168674698 0.03202846975088968 0.038152610441767064
0 0.08007117437722419 0.8915662650602408 0.03202846975088968 0.048192771084337345
2 0.40213523131672596 0.14558232931726905 0.046263345195729534 0.018072289156626505
2 0.48309608540925264 0.1475903614457831 0.06227758007117437 0.014056224899598391
1 0.3193950177935943 0.2038152610441767 0.012455516014234875 0.02610441767068273
1 0.298932384341637 0.2751004016064257 0.010676156583629894 0.020080321285140562
1 0.41637010676156583 0.5190763052208834 0.014234875444839857 0.022088353413654616
1 0.2891459074733096 0.6596385542168675 0.01601423487544484 0.018072289156626505
1 0.4973309608540925 0.930722891566265 0.023131672597864767 0.02610441767068273
1 0.5871886120996441 0.9287148594377509 0.010676156583629894 0.018072289156626505
