0 0.15454545454545454 0.1451890034364261 0.07727272727272727 0.06701030927835051
0 0.425 0.10309278350515463 0.11818181818181818 0.06872852233676977
0 0.6352272727272728 0.10652920962199312 0.07954545454545454 0.14432989690721648
0 0.7034090909090909 0.26374570446735396 0.07954545454545454 0.05670103092783505
0 0.9045454545454545 0.2663230240549828 0.07272727272727272 0.061855670103092786
0 0.2852272727272727 0.23539518900343642 0.08409090909090909 0.06872852233676977
0 0.3886363636363636 0.3170103092783505 0.08636363636363636 0.05326460481099656
0 0.1431818181818182 0.3170103092783505 0.07272727272727272 0.06701030927835051
0 0.16136363636363635 0.40893470790378006 0.06363636363636363 0.04810996563573883
0 0.4284090909090909 0.4063573883161512 0.07045454545454545 0.06013745704467354
0 0.16022727272727272 0.5008591065292096 0.10227272727272727 0.06701030927835051
0 0.2318181818181818 0.595360824742268 0.10454545454545454 0.06701030927835051
0 0.46136363636363636 0.595360824742268 0.10454545454545454 0.06701030927835051
0 0.6920454545454545 0.5987972508591065 0.10227272727272727 0.070446735395189
0 0.8875 0.5962199312714777 0.08863636363636364 0.06529209621993128
0 0.5761363636363636 0.6890034364261168 0.08409090909090909 0.06872852233676977
0 0.38295454545454544 0.6881443298969072 0.075 0.06357388316151202
0 0.4261363636363636 0.781786941580756 0.07954545454545454 0.07216494845360824
0 0.1693181818181818 0.6915807560137457 0.10681818181818181 0.06701030927835051
0 0.2693181818181818 0.8745704467353952 0.075 0.06529209621993128
2 0.1909090909090909 0.11426116838487972 0.18636363636363634 0.015463917525773196
2 0.6556818181818181 0.11683848797250859 0.056818181818181816 0.01718213058419244
2 0.3102272727272727 0.2809278350515464 0.475 0.018900343642611683
