0 0.29609375 0.19470046082949308 0.1296875 0.07603686635944701
0 0.48046875 0.19700460829493088 0.1328125 0.07603686635944701
0 0.65 0.19470046082949308 0.12812500000000002 0.07603686635944701
0 0.828125 0.195852534562212 0.1375 0.07834101382488479
0 0.6687500000000001 0.4400921658986175 0.08750000000000001 0.07373271889400922
0 0.33906250000000004 0.44239631336405527 0.08125 0.07373271889400922
0 0.32421875 0.6785714285714286 0.08281250000000001 0.07142857142857142
0 0.46015625000000004 0.6785714285714286 0.07968750000000001 0.07603686635944701
0 0.7273437500000001 0.6797235023041475 0.0859375 0.07373271889400922
0 0.85859375 0.6774193548387096 0.0859375 0.07373271889400922
2 0.24609375 0.6854838709677419 0.0203125 0.016129032258064516
1 0.14296875 0.7880184331797235 0.0203125 0.03686635944700461
1 0.35390625000000003 0.7880184331797235 0.0203125 0.041474654377880185
2 0.6468750000000001 0.6866359447004609 0.018750000000000003 0.02304147465437788
