0 0.18656716417910446 0.39285714285714285 0.07462686567164178 0.03007518796992481
0 0.13526119402985073 0.6221804511278195 0.03544776119402985 0.06390977443609022
0 0.2332089552238806 0.6193609022556391 0.048507462686567165 0.043233082706766915
0 0.3731343283582089 0.6184210526315789 0.08208955223880597 0.041353383458646614
0 0.6082089552238806 0.6184210526315789 0.08208955223880597 0.07142857142857142
0 0.7397388059701493 0.6193609022556391 0.07276119402985075 0.03195488721804511
0 0.17723880597014924 0.7058270676691729 0.13059701492537312 0.03571428571428571
0 0.18097014925373134 0.8900375939849624 0.06716417910447761 0.039473684210526314
1 0.3694029850746269 0.6137218045112781 0.011194029850746268 0.020676691729323307
1 0.6399253731343284 0.6137218045112781 0.011194029850746268 0.013157894736842105
1 0.14365671641791045 0.7030075187969924 0.011194029850746268 0.022556390977443608
2 0.6156716417910447 0.6240601503759398 0.014925373134328358 0.011278195488721804
2 0.18097014925373134 0.8778195488721804 0.0708955223880597 0.015037593984962405
