0 0.23935185185185187 0.21296296296296297 0.08796296296296297 0.08024691358024691
0 0.3805555555555556 0.2111111111111111 0.10370370370370371 0.0962962962962963
0 0.2439814814814815 0.32407407407407407 0.09537037037037037 0.08024691358024691
0 0.38796296296296295 0.32901234567901233 0.09814814814814815 0.08024691358024691
0 0.39583333333333337 0.4382716049382716 0.13055555555555556 0.08641975308641975
0 0.22916666666666669 0.44382716049382714 0.10277777777777779 0.09506172839506173
0 0.14907407407407408 0.6209876543209877 0.07962962962962963 0.08395061728395062
0 0.2791666666666667 0.6222222222222222 0.08425925925925926 0.08395061728395062
0 0.41620370370370374 0.6203703703703703 0.06018518518518519 0.08518518518518518
0 0.5421296296296296 0.6240740740740741 0.05648148148148149 0.09259259259259259
0 0.7546296296296297 0.6185185185185185 0.061111111111111116 0.08395061728395062
0 0.8777777777777778 0.6172839506172839 0.053703703703703705 0.08148148148148147
0 0.8546296296296296 0.7216049382716049 0.053703703703703705 0.07530864197530864
0 0.7578703703703704 0.7222222222222222 0.06018518518518519 0.07160493827160494
0 0.7138888888888889 0.8240740740740741 0.05740740740740741 0.06790123456790123
0 0.8245370370370371 0.825925925925926 0.05648148148148149 0.06666666666666667
0 0.5083333333333333 0.8240740740740741 0.05925925925925926 0.06790123456790123
0 0.5208333333333334 0.7172839506172839 0.05092592592592593 0.08148148148148147
0 0.40555555555555556 0.7203703703703703 0.05740740740740741 0.08024691358024691
0 0.3944444444444445 0.8240740740740741 0.05555555555555556 0.07777777777777778
0 0.26851851851851855 0.8271604938271605 0.09074074074074075 0.07901234567901234
0 0.27175925925925926 0.7185185185185186 0.08055555555555556 0.07901234567901234
0 0.16064814814814815 0.7179012345679012 0.08055555555555556 0.08518518518518518
0 0.1449074074074074 0.821604938271605 0.06944444444444445 0.0728395061728395
