0 0.4021113243761996 0.11304347826086956 0.0710172744721689 0.06956521739130435
0 0.4404990403071017 0.2008695652173913 0.044145873320537425 0.036521739130434785
0 0.6900191938579654 0.20521739130434782 0.04798464491362764 0.04869565217391304
0 0.26295585412667943 0.29391304347826086 0.10364683301343569 0.07304347826086957
0 0.2418426103646833 0.2 0.053742802303262956 0.03826086956521739
0 0.05566218809980806 0.20260869565217393 0.03838771593090211 0.04
0 0.09213051823416507 0.38434782608695656 0.10748560460652591 0.04521739130434783
0 0.28982725527831094 0.38608695652173913 0.10364683301343569 0.04869565217391304
0 0.4760076775431862 0.38521739130434784 0.07677543186180422 0.04
0 0.6794625719769674 0.38434782608695656 0.07677543186180422 0.04521739130434783
0 0.34452975047984646 0.47043478260869565 0.06333973128598848 0.07478260869565218
0 0.6804222648752399 0.568695652173913 0.07869481765834932 0.04521739130434783
0 0.46833013435700577 0.5652173913043479 0.09596928982725528 0.04521739130434783
0 0.2562380038387716 0.5634782608695652 0.051823416506717845 0.04173913043478261
0 0.06525911708253358 0.5643478260869565 0.05758157389635316 0.036521739130434785
0 0.44433781190019195 0.6539130434782608 0.15163147792706333 0.08
0 0.6401151631477927 0.7469565217391304 0.06333973128598848 0.043478260869565216
0 0.42322456813819576 0.7452173913043478 0.06717850287907869 0.04695652173913044
0 0.23416506717850288 0.7460869565217392 0.046065259117082535 0.04173913043478261
0 0.05662188099808061 0.7478260869565218 0.044145873320537425 0.04173913043478261
0 0.2677543186180422 0.8339130434782609 0.12092130518234165 0.09217391304347826
0 0.2821497120921305 0.9269565217391305 0.05758157389635316 0.034782608695652174
0 0.45201535508637236 0.9278260869565218 0.044145873320537425 0.043478260869565216
0 0.6247600767754319 0.9269565217391305 0.04030710172744722 0.034782608695652174
0 0.0892514395393474 0.9260869565217391 0.05950095969289827 0.04
2 0.41458733205374276 0.11391304347826087 0.0345489443378119 0.01565217391304348
1 0.418426103646833 0.12434782608695652 0.011516314779270634 0.01565217391304348
2 0.2802303262955854 0.2991304347826087 0.05758157389635316 0.01391304347826087
1 0.28982725527831094 0.30782608695652175 0.023032629558541268 0.017391304347826087
2 0.3637236084452975 0.48000000000000004 0.01727447216890595 0.010434782608695653
2 0.4606525911708253 0.6617391304347826 0.10364683301343569 0.019130434782608695
1 0.4961612284069098 0.6295652173913043 0.013435700575815739 0.017391304347826087
2 0.2763915547024952 0.8373913043478262 0.11132437619961612 0.01217391304347826
3 0.29270633397312856 0.8060869565217391 0.01727447216890595 0.022608695652173914
1 0.30998080614203455 0.8486956521739131 0.013435700575815739 0.01391304347826087
2 0.6084452975047985 0.9504347826086957 0.10364683301343569 0.019130434782608695
2 0.42898272552783107 0.9495652173913044 0.09404990403071017 0.020869565217391306
2 0.08829174664107485 0.951304347826087 0.09596928982725528 0.01391304347826087
