0 0.35078125000000004 0.17951807228915664 0.07968750000000001 0.0891566265060241
0 0.675 0.1746987951807229 0.084375 0.07951807228915664
0 0.81796875 0.4313253012048193 0.07968750000000001 0.08674698795180724
0 0.7671875 0.5566265060240965 0.08750000000000001 0.07710843373493977
0 0.42265625 0.5590361445783133 0.07968750000000001 0.0819277108433735
0 0.36640625000000004 0.6867469879518073 0.08281250000000001 0.09156626506024097
0 0.18984375 0.8132530120481929 0.08281250000000001 0.0891566265060241
0 0.225 0.5602409638554218 0.08125 0.08433734939759037
0 0.1625 0.4337349397590362 0.07500000000000001 0.08674698795180724
0 0.484375 0.4301204819277109 0.084375 0.08433734939759037
