0 0.341421143847487 0.5198019801980198 0.03466204506065858 0.06930693069306931
0 0.7573656845753899 0.039603960396039604 0.03466204506065858 0.07260726072607261
0 0.7097053726169844 0.7937293729372937 0.03986135181975736 0.07590759075907591
0 0.8674176776429808 0.7937293729372937 0.05025996533795494 0.07590759075907591
0 0.5901213171577123 0.9356435643564357 0.05025996533795494 0.08250825082508251
0 0.32322357019064124 0.9306930693069307 0.03986135181975736 0.07260726072607261
0 0.12824956672443674 0.9372937293729373 0.038128249566724434 0.07920792079207921
0 0.22530329289428075 0.7986798679867987 0.03466204506065858 0.07920792079207921
0 0.06845753899480068 0.9323432343234324 0.036395147313691506 0.07590759075907591
1 0.365684575389948 0.7871287128712872 0.01733102253032929 0.0297029702970297
1 0.24783362218370883 0.3316831683168317 0.01386481802426343 0.036303630363036306
1 0.9332755632582321 0.5115511551155115 0.012131715771230503 0.04620462046204621
1 0.48700173310225303 0.5132013201320133 0.01386481802426343 0.0297029702970297
