0 0.19651347068145802 0.5721040189125295 0.08874801901743265 0.10874704491725767
0 0.38510301109350237 0.516548463356974 0.08240887480190175 0.10638297872340426
0 0.5879556259904913 0.5200945626477541 0.08874801901743265 0.10401891252955082
0 0.8454833597464343 0.5721040189125295 0.08399366085578447 0.10874704491725767
0 0.6648177496038035 0.7588652482269503 0.09350237717908083 0.10401891252955082
0 0.5055467511885896 0.7588652482269503 0.0855784469096672 0.10401891252955082
0 0.34310618066561016 0.7588652482269503 0.09033280507131537 0.09929078014184398
0 0.19334389857369255 0.760047281323877 0.08240887480190175 0.1111111111111111
0 0.19175911251980984 0.892434988179669 0.0855784469096672 0.10638297872340426
2 0.3827258320126783 0.5803782505910166 0.10301109350237718 0.030732860520094562
2 0.58716323296355 0.5721040189125295 0.10301109350237718 0.028368794326241134
2 0.694136291600634 0.5780141843971631 0.04120443740095087 0.030732860520094562
