0 0.4280701754385965 0.2011494252873563 0.1473684210526316 0.09195402298850575
0 0.16403508771929826 0.20019157088122605 0.02982456140350877 0.040229885057471264
0 0.22280701754385965 0.4578544061302682 0.09824561403508772 0.05747126436781609
0 0.3736842105263158 0.45881226053639845 0.14385964912280702 0.05555555555555555
0 0.6789473684210526 0.4568965517241379 0.0736842105263158 0.047892720306513405
0 0.7903508771929825 0.45977011494252873 0.0368421052631579 0.08429118773946359
0 0.8912280701754386 0.4616858237547892 0.0456140350877193 0.09578544061302681
0 0.4105263157894737 0.6743295019157087 0.11578947368421053 0.05747126436781609
0 0.27456140350877195 0.6781609195402298 0.10701754385964912 0.053639846743295014
0 0.14649122807017545 0.6791187739463601 0.10350877192982456 0.05172413793103448
0 0.16228070175438597 0.8745210727969348 0.03333333333333333 0.044061302681992334
0 0.3350877192982456 0.8764367816091954 0.031578947368421054 0.044061302681992334
0 0.4692982456140351 0.8745210727969348 0.0368421052631579 0.047892720306513405
0 0.5421052631578948 0.8735632183908045 0.031578947368421054 0.04597701149425287
1 0.39473684210526316 0.19348659003831417 0.014035087719298246 0.022988505747126436
1 0.44649122807017544 0.21168582375478925 0.012280701754385965 0.02490421455938697
1 0.3368421052631579 0.450191570881226 0.017543859649122806 0.01532567049808429
1 0.8552631578947368 0.44827586206896547 0.012280701754385965 0.022988505747126436
1 0.44649122807017544 0.671455938697318 0.01929824561403509 0.021072796934865898
1 0.37456140350877193 0.8668582375478927 0.01929824561403509 0.02490421455938697
1 0.2631578947368421 0.44731800766283525 0.014035087719298246 0.017241379310344827
2 0.44035087719298244 0.20402298850574713 0.03859649122807018 0.013409961685823753
2 0.6298245614035087 0.460727969348659 0.021052631578947368 0.009578544061302681
2 0.7956140350877193 0.4636015325670498 0.02982456140350877 0.019157088122605363
2 0.8929824561403509 0.460727969348659 0.03508771929824561 0.017241379310344827
3 0.3219298245614035 0.6657088122605364 0.015789473684210527 0.017241379310344827
3 0.3956140350877193 0.6695402298850575 0.01929824561403509 0.017241379310344827
3 0.7052631578947368 0.44731800766283525 0.017543859649122806 0.021072796934865898
