0 0.23564814814814816 0.20308641975308642 0.08981481481481482 0.09506172839506173
0 0.3814814814814815 0.19814814814814816 0.10740740740740741 0.08518518518518518
0 0.3842592592592593 0.3160493827160494 0.1 0.08148148148148147
0 0.23472222222222222 0.3197530864197531 0.10277777777777779 0.08395061728395062
0 0.2189814814814815 0.4388888888888889 0.11018518518518519 0.09506172839506173
0 0.38657407407407407 0.4364197530864197 0.13425925925925927 0.09506172839506173
0 0.15324074074074073 0.6209876543209877 0.08611111111111111 0.08888888888888889
0 0.2777777777777778 0.6209876543209877 0.07962962962962963 0.08395061728395062
0 0.4199074074074074 0.6209876543209877 0.05462962962962963 0.08641975308641975
0 0.5439814814814815 0.6185185185185185 0.05092592592592593 0.08395061728395062
0 0.7583333333333334 0.6160493827160494 0.05925925925925926 0.07654320987654321
0 0.8814814814814815 0.6148148148148148 0.061111111111111116 0.07407407407407407
0 0.8546296296296296 0.7185185185185186 0.05 0.07407407407407407
0 0.7564814814814815 0.7185185185185186 0.053703703703703705 0.07654320987654321
0 0.5203703703703704 0.7160493827160493 0.05 0.08395061728395062
0 0.5074074074074074 0.8203703703703703 0.053703703703703705 0.07037037037037037
0 0.7111111111111111 0.8302469135802469 0.0462962962962963 0.07037037037037037
0 0.8231481481481482 0.8296296296296296 0.0462962962962963 0.07901234567901234
0 0.4078703703703704 0.7179012345679012 0.05277777777777778 0.07530864197530864
0 0.39537037037037037 0.8222222222222222 0.05740740740740741 0.08148148148148147
0 0.2689814814814815 0.8222222222222222 0.08796296296296297 0.0691358024691358
0 0.27546296296296297 0.7172839506172839 0.08055555555555556 0.08148148148148147
0 0.15787037037037038 0.7166666666666667 0.0787037037037037 0.08271604938271605
0 0.14537037037037037 0.8222222222222222 0.06481481481481481 0.07407407407407407
