0 0.29765625 0.19815668202764977 0.13593750000000002 0.09216589861751152
0 0.48125 0.19930875576036866 0.134375 0.08986175115207373
0 0.64765625 0.19815668202764977 0.1390625 0.07373271889400922
0 0.8265625000000001 0.19470046082949308 0.134375 0.07142857142857142
0 0.66796875 0.44585253456221197 0.0859375 0.08064516129032258
0 0.8609375 0.6785714285714286 0.08125 0.07603686635944701
0 0.7289062500000001 0.6774193548387096 0.0859375 0.07373271889400922
0 0.45546875000000003 0.6797235023041475 0.0890625 0.07373271889400922
0 0.32656250000000003 0.6797235023041475 0.084375 0.08294930875576037
0 0.34218750000000003 0.4470046082949309 0.08125 0.08294930875576037
2 0.64765625 0.6866359447004609 0.0234375 0.013824884792626727
2 0.24609375 0.6866359447004609 0.0234375 0.018433179723502304
1 0.140625 0.7868663594470046 0.021875000000000002 0.03917050691244239
1 0.35546875 0.7891705069124424 0.0234375 0.04377880184331797
