0 0.2944839857651245 0.024096385542168672 0.04092526690391459 0.048192771084337345
0 0.3674377224199288 0.024096385542168672 0.037366548042704624 0.048192771084337345
0 0.5169039145907474 0.0251004016064257 0.051601423487544484 0.0502008032128514
0 0.39679715302491103 0.07028112449799197 0.0498220640569395 0.04417670682730923
0 0.3371886120996441 0.071285140562249 0.030249110320284697 0.04618473895582329
0 0.2766903914590747 0.06726907630522087 0.030249110320284697 0.038152610441767064
0 0.2775800711743772 0.1355421686746988 0.042704626334519574 0.0502008032128514
0 0.34519572953736655 0.13855421686746985 0.03202846975088968 0.048192771084337345
0 0.4074733096085409 0.1184738955823293 0.03914590747330961 0.03614457831325301
0 0.48843416370106757 0.11947791164658633 0.051601423487544484 0.04618473895582329
0 0.4101423487544484 0.1646586345381526 0.030249110320284697 0.04417670682730923
0 0.2900355871886121 0.21285140562248994 0.03558718861209964 0.04417670682730923
0 0.2820284697508897 0.28012048192771083 0.051601423487544484 0.05421686746987951
0 0.0791814946619217 0.46787148594377503 0.030249110320284697 0.04417670682730923
0 0.15747330960854092 0.4738955823293172 0.037366548042704624 0.05220883534136546
0 0.23398576512455516 0.4738955823293172 0.03380782918149466 0.048192771084337345
0 0.3638790035587188 0.4738955823293172 0.037366548042704624 0.048192771084337345
0 0.4386120996441281 0.4718875502008032 0.03380782918149466 0.048192771084337345
0 0.38967971530249107 0.5261044176706827 0.07829181494661921 0.05220883534136546
0 0.14145907473309607 0.5220883534136546 0.02669039145907473 0.04417670682730923
0 0.07206405693950177 0.5251004016064257 0.055160142348754444 0.04216867469879518
0 0.48576512455516013 0.5783132530120482 0.03202846975088968 0.04417670682730923
0 0.5774021352313167 0.5783132530120482 0.037366548042704624 0.040160642570281124
0 0.40480427046263345 0.6676706827309237 0.03380782918149466 0.04216867469879518
0 0.298932384341637 0.6656626506024096 0.0889679715302491 0.05421686746987951
0 0.18416370106761565 0.6686746987951807 0.0693950177935943 0.04417670682730923
0 0.10409252669039146 0.6696787148594376 0.03380782918149466 0.0502008032128514
0 0.11032028469750889 0.715863453815261 0.05338078291814946 0.04618473895582329
0 0.18594306049822062 0.716867469879518 0.037366548042704624 0.04417670682730923
0 0.2686832740213523 0.7148594377510039 0.09252669039145907 0.040160642570281124
0 0.36298932384341637 0.716867469879518 0.03202846975088968 0.040160642570281124
0 0.1788256227758007 0.8363453815261044 0.037366548042704624 0.04618473895582329
0 0.24199288256227758 0.8373493975903614 0.03202846975088968 0.04417670682730923
0 0.3371886120996441 0.8413654618473895 0.04092526690391459 0.04417670682730923
0 0.40124555160142344 0.8383534136546184 0.037366548042704624 0.0502008032128514
0 0.552491103202847 0.9327309236947791 0.030249110320284697 0.04618473895582329
0 0.4670818505338078 0.9387550200803212 0.04448398576512455 0.0502008032128514
0 0.37455516014234874 0.9327309236947791 0.037366548042704624 0.038152610441767064
0 0.3096085409252669 0.9357429718875501 0.03558718861209964 0.04417670682730923
0 0.22686832740213522 0.9377510040160641 0.037366548042704624 0.04417670682730923
0 0.23042704626334518 0.8865461847389557 0.04448398576512455 0.038152610441767064
0 0.1708185053380783 0.9347389558232931 0.03914590747330961 0.0502008032128514
0 0.08007117437722419 0.8855421686746987 0.03202846975088968 0.048192771084337345
1 0.3211743772241993 0.2038152610441767 0.019572953736654804 0.03012048192771084
2 0.48042704626334515 0.142570281124498 0.046263345195729534 0.020080321285140562
2 0.40658362989323843 0.14457831325301204 0.04092526690391459 0.020080321285140562
1 0.29804270462633453 0.27409638554216864 0.012455516014234875 0.022088353413654616
1 0.41637010676156583 0.5150602409638554 0.010676156583629894 0.018072289156626505
1 0.5 0.9267068273092368 0.01779359430604982 0.03413654618473895
1 0.5836298932384342 0.930722891566265 0.014234875444839857 0.022088353413654616
