0 0.30655957161981257 0.15795454545454546 0.0535475234270415 0.09318181818181817
0 0.33199464524765726 0.27954545454545454 0.029451137884872823 0.06363636363636363
0 0.5073627844712182 0.27954545454545454 0.0428380187416332 0.05909090909090909
0 0.19143239625167335 0.2818181818181818 0.0428380187416332 0.05909090909090909
0 0.06291834002677375 0.2784090909090909 0.029451137884872823 0.04772727272727272
0 0.2101740294511379 0.39999999999999997 0.07228915662650602 0.10909090909090909
0 0.36211512717536815 0.5215909090909091 0.06291834002677375 0.06136363636363636
0 0.50334672021419 0.5204545454545454 0.06157965194109772 0.049999999999999996
0 0.2677376171352075 0.6386363636363636 0.050870147255689425 0.10909090909090909
0 0.20682730923694778 0.759090909090909 0.04417670682730924 0.05909090909090909
0 0.3507362784471218 0.7613636363636364 0.06157965194109772 0.05909090909090909
0 0.5060240963855421 0.7579545454545454 0.06157965194109772 0.05227272727272727
0 0.3286479250334672 0.8818181818181817 0.10575635876840696 0.11363636363636363
0 0.06760374832663989 0.7568181818181818 0.03614457831325301 0.049999999999999996
0 0.08768406961178045 0.5204545454545454 0.06827309236947791 0.06363636363636363
0 0.22356091030789826 0.5204545454545454 0.06693440428380187 0.05909090909090909
2 0.3179384203480589 0.1590909090909091 0.028112449799196786 0.013636363636363636
2 0.2222222222222222 0.40454545454545454 0.0428380187416332 0.01818181818181818
2 0.27844712182061576 0.6431818181818182 0.024096385542168672 0.01818181818181818
2 0.34404283801874164 0.8863636363636364 0.08032128514056225 0.022727272727272728
2 0.25234270414993304 0.8863636363636364 0.04149933065595716 0.022727272727272728
1 0.31994645247657294 0.17159090909090907 0.013386880856760375 0.020454545454545454
1 0.22757697456492637 0.41818181818181815 0.013386880856760375 0.01818181818181818
1 0.37349397590361444 0.8488636363636364 0.01606425702811245 0.024999999999999998
