0 0.25078125 0.16798418972332016 0.08281250000000001 0.05928853754940711
0 0.35859375000000004 0.20652173913043476 0.0484375 0.0533596837944664
0 0.609375 0.16798418972332016 0.053125000000000006 0.07114624505928853
0 0.49531250000000004 0.2974308300395257 0.043750000000000004 0.04940711462450593
0 0.31015625 0.3330039525691699 0.060937500000000006 0.06916996047430829
0 0.54921875 0.3685770750988142 0.0390625 0.0533596837944664
0 0.76171875 0.37055335968379444 0.0421875 0.05731225296442687
0 0.796875 0.5276679841897233 0.05 0.05533596837944664
0 0.6726562500000001 0.5247035573122529 0.0421875 0.04940711462450593
0 0.70859375 0.6274703557312252 0.0578125 0.08498023715415019
0 0.671875 0.7312252964426877 0.059375000000000004 0.07114624505928853
0 0.43671875000000004 0.625494071146245 0.051562500000000004 0.06521739130434782
0 0.44375000000000003 0.45652173913043476 0.040625 0.04743083003952569
0 0.4234375 0.3675889328063241 0.05 0.05138339920948616
0 0.31093750000000003 0.4861660079051383 0.05625 0.06719367588932806
0 0.31093750000000003 0.6215415019762845 0.0625 0.07707509881422925
0 0.3125 0.7282608695652173 0.05625 0.07312252964426877
0 0.41718750000000004 0.7322134387351779 0.059375000000000004 0.07312252964426877
0 0.7312500000000001 0.45750988142292487 0.046875 0.0533596837944664
2 0.3921875 0.17391304347826086 0.10625000000000001 0.01976284584980237
2 0.51171875 0.33498023715415015 0.2515625 0.017786561264822132
2 0.73359375 0.33992094861660077 0.1015625 0.01976284584980237
2 0.7046875 0.49209486166007904 0.2625 0.023715415019762844
2 0.45703125 0.4950592885375494 0.1484375 0.029644268774703556
