0 0.19305555555555556 0.1574074074074074 0.06759259259259259 0.09999999999999999
0 0.274537037037037 0.48271604938271606 0.05092592592592593 0.08888888888888889
0 0.46620370370370373 0.4876543209876543 0.06944444444444445 0.08148148148148147
0 0.6768518518518519 0.4901234567901234 0.05925925925925926 0.16049382716049382
0 0.7134259259259259 0.7061728395061728 0.05648148148148149 0.07160493827160494
0 0.5328703703703704 0.7086419753086419 0.05277777777777778 0.07160493827160494
0 0.3092592592592593 0.7098765432098765 0.11851851851851852 0.16296296296296295
1 0.2550925925925926 0.12469135802469136 0.02314814814814815 0.03209876543209877
1 0.32175925925925924 0.4604938271604938 0.017592592592592594 0.037037037037037035
1 0.525462962962963 0.45987654320987653 0.01388888888888889 0.03580246913580247
1 0.7384259259259259 0.41604938271604935 0.030555555555555558 0.0345679012345679
1 0.7597222222222223 0.682716049382716 0.008333333333333333 0.02962962962962963
1 0.5800925925925926 0.6802469135802469 0.01388888888888889 0.027160493827160494
1 0.39351851851851855 0.6351851851851852 0.014814814814814815 0.028395061728395062
2 0.6847222222222222 0.495679012345679 0.026851851851851852 0.013580246913580247
2 0.325 0.7228395061728395 0.07962962962962963 0.018518518518518517
