0 0.13419117647058823 0.3145424836601307 0.028186274509803922 0.04738562091503268
0 0.2469362745098039 0.3031045751633987 0.03799019607843137 0.057189542483660136
0 0.642156862745098 0.2728758169934641 0.029411764705882353 0.049019607843137254
0 0.6930147058823529 0.2696078431372549 0.03799019607843137 0.049019607843137254
0 0.7506127450980392 0.25980392156862747 0.03553921568627451 0.04575163398692811
0 0.7996323529411764 0.2581699346405229 0.03308823529411765 0.058823529411764705
0 0.7322303921568627 0.3545751633986928 0.04044117647058824 0.05228758169934641
0 0.6495098039215687 0.35947712418300654 0.044117647058823525 0.049019607843137254
0 0.13970588235294118 0.40931372549019607 0.03676470588235294 0.04411764705882353
0 0.12438725490196079 0.5857843137254902 0.0428921568627451 0.06372549019607843
0 0.19914215686274508 0.5767973856209151 0.05269607843137255 0.08496732026143791
0 0.11580882352941177 0.6944444444444444 0.0428921568627451 0.07516339869281045
0 0.19301470588235295 0.6544117647058824 0.03553921568627451 0.057189542483660136
0 0.13602941176470587 0.7769607843137255 0.03676470588235294 0.06372549019607843
0 0.6556372549019608 0.5277777777777778 0.044117647058823525 0.04575163398692811
0 0.7420343137254902 0.5204248366013072 0.0428921568627451 0.06372549019607843
0 0.647671568627451 0.6274509803921569 0.03553921568627451 0.06862745098039216
0 0.7561274509803921 0.6151960784313726 0.031862745098039214 0.06045751633986928
0 0.8872549019607843 0.5947712418300654 0.0392156862745098 0.07516339869281045
0 0.9571078431372549 0.5767973856209151 0.03431372549019608 0.08823529411764706
0 0.8529411764705882 0.6887254901960784 0.049019607843137254 0.06699346405228758
0 0.7886029411764706 0.7753267973856209 0.05024509803921569 0.07679738562091504
1 0.1764705882352941 0.37745098039215685 0.024509803921568627 0.03594771241830066
1 0.6905637254901961 0.33496732026143794 0.01838235294117647 0.026143790849673203
1 0.7610294117647058 0.32679738562091504 0.014705882352941176 0.026143790849673203
1 0.7787990196078431 0.4869281045751634 0.020833333333333332 0.026143790849673203
1 0.7990196078431372 0.5857843137254902 0.014705882352941176 0.03104575163398693
1 0.6887254901960784 0.5964052287581699 0.024509803921568627 0.029411764705882353
1 0.25 0.6413398692810458 0.029411764705882353 0.02777777777777778
1 0.26715686274509803 0.5318627450980392 0.031862745098039214 0.04084967320261438
1 0.18566176470588236 0.7712418300653595 0.023284313725490197 0.032679738562091505
