0 0.1875 0.3966165413533834 0.08768656716417911 0.041353383458646614
0 0.1333955223880597 0.6240601503759398 0.046641791044776115 0.07518796992481203
0 0.23041044776119401 0.6221804511278195 0.054104477611940295 0.03759398496240601
0 0.375 0.6165413533834586 0.07835820895522388 0.03759398496240601
0 0.6100746268656716 0.6231203007518796 0.08582089552238806 0.07706766917293233
0 0.7360074626865671 0.6221804511278195 0.061567164179104475 0.045112781954887216
0 0.17817164179104478 0.7086466165413533 0.13992537313432835 0.04887218045112782
0 0.18470149253731344 0.8919172932330827 0.06716417910447761 0.039473684210526314
2 0.18936567164179105 0.8759398496240601 0.08768656716417911 0.02631578947368421
1 0.6380597014925373 0.6174812030075187 0.018656716417910446 0.02819548872180451
2 0.6138059701492538 0.625 0.018656716417910446 0.013157894736842105
1 0.3656716417910448 0.612781954887218 0.018656716417910446 0.018796992481203006
2 0.1333955223880597 0.625 0.027985074626865673 0.013157894736842105
1 0.14458955223880596 0.7011278195488722 0.016791044776119403 0.018796992481203006
