0 0.2863849765258216 0.5464135021097046 0.08450704225352113 0.02953586497890295
0 0.3286384976525822 0.6845991561181434 0.03755868544600939 0.02320675105485232
0 0.40375586854460094 0.751054852320675 0.07511737089201878 0.03797468354430379
0 0.5046948356807511 0.8238396624472573 0.07042253521126761 0.03164556962025316
0 0.3591549295774648 0.8259493670886076 0.06103286384976526 0.02742616033755274
0 0.24882629107981222 0.8217299578059071 0.06572769953051644 0.03164556962025316
0 0.14553990610328638 0.7668776371308016 0.07511737089201878 0.02742616033755274
0 0.3403755868544601 0.8575949367088607 0.107981220657277 0.03164556962025316
1 0.32159624413145543 0.06329113924050632 0.03286384976525822 0.025316455696202528
1 0.4953051643192488 0.06962025316455696 0.03286384976525822 0.02109704641350211
1 0.42018779342723006 0.19936708860759492 0.04225352112676056 0.018987341772151896
1 0.18544600938967137 0.20569620253164556 0.03286384976525822 0.018987341772151896
2 0.1784037558685446 0.0970464135021097 0.3474178403755869 0.016877637130801686
2 0.6173708920187794 0.09599156118143459 0.4084507042253521 0.014767932489451475
2 0.34976525821596244 0.22362869198312235 0.18309859154929578 0.016877637130801686
2 0.11267605633802817 0.22362869198312235 0.15023474178403756 0.012658227848101264
2 0.20187793427230047 0.3575949367088607 0.09389671361502347 0.014767932489451475
2 0.10093896713615023 0.44409282700421937 0.023474178403755867 0.010548523206751054
2 0.24647887323943662 0.5316455696202531 0.1267605633802817 0.012658227848101264
2 0.29577464788732394 0.6571729957805906 0.13145539906103287 0.018987341772151896
2 0.09859154929577466 0.6529535864978903 0.10328638497652583 0.014767932489451475
2 0.09859154929577466 0.751054852320675 0.11267605633802817 0.012658227848101264
2 0.3051643192488263 0.8449367088607594 0.5258215962441315 0.018987341772151896
