0 0.18888888888888888 0.5711920529801324 0.09777777777777778 0.11589403973509933
0 0.39 0.5165562913907285 0.1 0.11258278145695365
0 0.5877777777777777 0.5165562913907285 0.08666666666666667 0.10596026490066225
0 0.8488888888888889 0.5662251655629139 0.08444444444444445 0.11258278145695365
0 0.6622222222222223 0.7582781456953642 0.08 0.12582781456953643
0 0.5077777777777778 0.7549668874172185 0.08222222222222222 0.10596026490066225
0 0.35 0.7582781456953642 0.08222222222222222 0.10596026490066225
0 0.19555555555555557 0.7533112582781457 0.08444444444444445 0.09602649006622517
0 0.19 0.8890728476821192 0.09111111111111111 0.10927152317880795
2 0.3844444444444444 0.5794701986754967 0.10222222222222223 0.019867549668874173
2 0.5866666666666667 0.5794701986754967 0.09333333333333334 0.033112582781456956
2 0.6966666666666667 0.5761589403973509 0.042222222222222223 0.019867549668874173
