0 0.5708333333333333 0.431438127090301 0.058333333333333334 0.06020066889632107
0 0.5638888888888889 0.5133779264214047 0.05555555555555556 0.056856187290969896
0 0.5097222222222222 0.6220735785953178 0.075 0.07357859531772575
0 0.4666666666666667 0.7391304347826086 0.07222222222222223 0.06688963210702341
0 0.5805555555555556 0.7357859531772575 0.05555555555555556 0.06020066889632107
0 0.6555555555555556 0.7307692307692307 0.05555555555555556 0.056856187290969896
0 0.6027777777777777 0.8110367892976589 0.061111111111111116 0.056856187290969896
0 0.6069444444444445 0.8662207357859532 0.058333333333333334 0.06020066889632107
0 0.5013888888888889 0.8127090301003345 0.05277777777777778 0.06020066889632107
0 0.5069444444444444 0.8712374581939799 0.058333333333333334 0.07692307692307693
1 0.6166666666666667 0.4899665551839465 0.02777777777777778 0.030100334448160536
1 0.5319444444444444 0.6153846153846154 0.019444444444444445 0.026755852842809364
2 0.5027777777777778 0.8411371237458194 0.07777777777777778 0.03678929765886287
2 0.6125 0.842809364548495 0.09166666666666667 0.013377926421404682
