0 0.12916666666666668 0.30141843971631205 0.045000000000000005 0.0425531914893617
0 0.1925 0.30407801418439717 0.03166666666666667 0.047872340425531915
0 0.2516666666666667 0.300531914893617 0.03666666666666667 0.04078014184397163
0 0.3741666666666667 0.30230496453900707 0.035 0.04078014184397163
0 0.43083333333333335 0.30230496453900707 0.035 0.047872340425531915
0 0.4916666666666667 0.300531914893617 0.03333333333333333 0.044326241134751775
0 0.61 0.2987588652482269 0.03333333333333333 0.044326241134751775
0 0.6858333333333334 0.300531914893617 0.03166666666666667 0.044326241134751775
0 0.8133333333333334 0.299645390070922 0.04 0.0425531914893617
0 0.8708333333333333 0.30230496453900707 0.035 0.051418439716312055
0 0.93 0.30407801418439717 0.03666666666666667 0.051418439716312055
0 0.8341666666666667 0.46897163120567376 0.035 0.051418439716312055
0 0.9108333333333334 0.4716312056737589 0.05166666666666667 0.05319148936170213
0 0.6741666666666667 0.4734042553191489 0.03833333333333334 0.04964539007092199
0 0.5866666666666667 0.4707446808510638 0.05 0.054964539007092195
0 0.4491666666666667 0.46808510638297873 0.028333333333333335 0.035460992907801414
0 0.36583333333333334 0.4698581560283688 0.05166666666666667 0.0425531914893617
0 0.42833333333333334 0.3820921985815603 0.03666666666666667 0.05851063829787234
0 0.33666666666666667 0.3812056737588652 0.06333333333333334 0.08156028368794326
0 0.2575 0.3820921985815603 0.04833333333333334 0.051418439716312055
0 0.17500000000000002 0.37854609929078015 0.043333333333333335 0.047872340425531915
0 0.1625 0.4698581560283688 0.035 0.04609929078014184
0 0.22333333333333336 0.4698581560283688 0.05333333333333334 0.03900709219858156
0 0.5425 0.5487588652482269 0.03833333333333334 0.04078014184397163
0 0.6975 0.651595744680851 0.04166666666666667 0.047872340425531915
0 0.5975 0.6533687943262411 0.035 0.047872340425531915
0 0.5358333333333334 0.650709219858156 0.045000000000000005 0.05673758865248227
0 0.375 0.649822695035461 0.043333333333333335 0.054964539007092195
0 0.28250000000000003 0.6551418439716312 0.035 0.051418439716312055
0 0.22416666666666668 0.652482269503546 0.03833333333333334 0.04609929078014184
0 0.22666666666666668 0.7588652482269503 0.03666666666666667 0.0425531914893617
0 0.3491666666666667 0.7579787234042553 0.03833333333333334 0.04078014184397163
0 0.5441666666666667 0.7588652482269503 0.05166666666666667 0.03900709219858156
0 0.6008333333333333 0.7588652482269503 0.035 0.03900709219858156
0 0.6816666666666668 0.7579787234042553 0.043333333333333335 0.04078014184397163
0 0.7416666666666667 0.7606382978723404 0.04 0.03900709219858156
0 0.19666666666666668 0.9503546099290779 0.12666666666666668 0.04964539007092199
0 0.33916666666666667 0.9476950354609929 0.11166666666666668 0.04078014184397163
0 0.7216666666666667 0.927304964539007 0.07666666666666667 0.0425531914893617
0 0.7975000000000001 0.9317375886524822 0.03833333333333334 0.03723404255319149
0 0.8750000000000001 0.9299645390070922 0.07333333333333333 0.04078014184397163
0 0.9533333333333334 0.9308510638297872 0.04 0.035460992907801414
0 0.7250000000000001 0.9725177304964538 0.07333333333333333 0.04078014184397163
0 0.8008333333333334 0.9734042553191489 0.03833333333333334 0.04964539007092199
0 0.8716666666666667 0.976063829787234 0.06666666666666667 0.044326241134751775
0 0.9475 0.9725177304964538 0.04166666666666667 0.044326241134751775
2 0.34833333333333333 0.3874113475177305 0.02 0.015957446808510637
2 0.12166666666666667 0.4787234042553191 0.03333333333333333 0.014184397163120567
2 0.41250000000000003 0.4769503546099291 0.015000000000000001 0.010638297872340425
2 0.6408333333333334 0.47429078014184395 0.011666666666666667 0.012411347517730497
2 0.7925000000000001 0.4787234042553191 0.03166666666666667 0.014184397163120567
2 0.7516666666666667 0.9556737588652482 0.14 0.017730496453900707
2 0.9008333333333334 0.9556737588652482 0.13166666666666668 0.024822695035460994
