0 0.20723684210526314 0.3159722222222222 0.13157894736842105 0.04513888888888889
0 0.3223684210526316 0.31684027777777773 0.05263157894736842 0.046875
0 0.397203947368421 0.3194444444444444 0.06085526315789473 0.05208333333333333
0 0.5263157894736842 0.39496527777777773 0.05263157894736842 0.07465277777777778
0 0.6019736842105263 0.3940972222222222 0.049342105263157895 0.03819444444444444
0 0.6809210526315789 0.39496527777777773 0.042763157894736836 0.046875
0 0.3684210526315789 0.39496527777777773 0.046052631578947366 0.07465277777777778
0 0.44572368421052627 0.39322916666666663 0.046052631578947366 0.046875
0 0.26398026315789475 0.39322916666666663 0.041118421052631575 0.046875
0 0.171875 0.39670138888888884 0.07072368421052631 0.078125
0 0.17763157894736842 0.4756944444444444 0.06578947368421052 0.041666666666666664
0 0.25411184210526316 0.4782986111111111 0.06743421052631579 0.03993055555555555
0 0.34868421052631576 0.4765625 0.0756578947368421 0.05381944444444444
0 0.7574013157894737 0.5894097222222222 0.12335526315789473 0.05034722222222222
0 0.7623355263157894 0.671875 0.06743421052631579 0.08680555555555555
0 0.694078947368421 0.6701388888888888 0.049342105263157895 0.04513888888888889
0 0.5213815789473684 0.6692708333333333 0.039473684210526314 0.03993055555555555
0 0.4473684210526315 0.6701388888888888 0.029605263157894735 0.03819444444444444
0 0.42680921052631576 0.5859375 0.07401315789473684 0.046875
0 0.25164473684210525 0.5859375 0.07236842105263158 0.05381944444444444
0 0.23684210526315788 0.6675347222222222 0.046052631578947366 0.043402777777777776
0 0.29358552631578944 0.6675347222222222 0.03453947368421052 0.043402777777777776
0 0.1439144736842105 0.7960069444444444 0.05756578947368421 0.078125
0 0.40296052631578944 0.8706597222222222 0.046052631578947366 0.05034722222222222
0 0.5575657894736842 0.875 0.03289473684210526 0.05208333333333333
0 0.25246710526315785 0.876736111111111 0.04769736842105263 0.04513888888888889
0 0.11019736842105263 0.876736111111111 0.05921052631578947 0.04513888888888889
2 0.5279605263157895 0.4001736111111111 0.03618421052631579 0.012152777777777776
2 0.37417763157894735 0.4001736111111111 0.03453947368421052 0.01909722222222222
2 0.18996710526315788 0.4019097222222222 0.03782894736842105 0.015625
2 0.7524671052631579 0.6770833333333333 0.021381578947368418 0.010416666666666666
2 0.15871710526315788 0.8012152777777777 0.021381578947368418 0.015625
1 0.78125 0.5807291666666666 0.013157894736842105 0.01909722222222222
1 0.8067434210526315 0.5807291666666666 0.021381578947368418 0.015625
1 0.428453947368421 0.5833333333333333 0.014802631578947368 0.020833333333333332
1 0.3445723684210526 0.4704861111111111 0.014802631578947368 0.020833333333333332
3 0.45230263157894735 0.5815972222222222 0.019736842105263157 0.017361111111111112
