0 0.497 0.316 0.042 0.072
0 0.431 0.44666666666666666 0.054 0.06666666666666667
0 0.435 0.5439999999999999 0.054 0.064
0 0.521 0.5439999999999999 0.042 0.058666666666666666
0 0.592 0.5426666666666666 0.044 0.056
0 0.47400000000000003 0.72 0.064 0.11733333333333333
0 0.561 0.6973333333333334 0.05 0.06666666666666667
0 0.561 0.7533333333333333 0.038 0.06666666666666667
1 0.529 0.30533333333333335 0.018000000000000002 0.024
1 0.452 0.428 0.02 0.024
2 0.492 0.7226666666666667 0.032 0.021333333333333333
2 0.559 0.724 0.05 0.024
