0 0.1837686567164179 0.3956766917293233 0.07276119402985075 0.039473684210526314
0 0.3787313432835821 0.6203007518796992 0.08955223880597014 0.04887218045112782
0 0.6128731343283582 0.6221804511278195 0.09888059701492537 0.07142857142857142
0 0.7378731343283582 0.6203007518796992 0.06529850746268656 0.045112781954887216
0 0.2332089552238806 0.6203007518796992 0.055970149253731345 0.03007518796992481
0 0.1296641791044776 0.625 0.03544776119402985 0.07330827067669173
0 0.17817164179104478 0.7114661654135338 0.1287313432835821 0.043233082706766915
0 0.1837686567164179 0.894736842105263 0.07276119402985075 0.045112781954887216
2 0.13246268656716417 0.625 0.026119402985074626 0.013157894736842105
1 0.3675373134328358 0.6146616541353384 0.014925373134328358 0.022556390977443608
2 0.6175373134328358 0.6268796992481203 0.026119402985074626 0.013157894736842105
1 0.6399253731343284 0.6156015037593985 0.011194029850746268 0.016917293233082706
1 0.14272388059701493 0.7011278195488722 0.013059701492537313 0.018796992481203006
2 0.18097014925373134 0.8740601503759398 0.08208955223880597 0.02631578947368421
