0 0.48138297872340424 0.3226950354609929 0.051418439716312055 0.06855791962174941
0 0.4902482269503546 0.40543735224586286 0.054964539007092195 0.06855791962174941
0 0.49468085106382975 0.4905437352245863 0.07446808510638298 0.07801418439716312
0 0.4698581560283688 0.5791962174940898 0.0673758865248227 0.07092198581560283
0 0.5638297872340425 0.5791962174940898 0.04609929078014184 0.07092198581560283
0 0.6285460992907801 0.5780141843971631 0.044326241134751775 0.06382978723404255
0 0.5771276595744681 0.6678486997635934 0.054964539007092195 0.0591016548463357
0 0.575354609929078 0.7494089834515366 0.051418439716312055 0.07092198581560283
0 0.4698581560283688 0.7092198581560284 0.06382978723404255 0.14184397163120566
1 0.5328014184397163 0.37706855791962174 0.01950354609929078 0.035460992907801414
1 0.5150709219858156 0.4858156028368794 0.015957446808510637 0.030732860520094562
2 0.4778368794326241 0.7127659574468085 0.03368794326241135 0.016548463356973995
2 0.5726950354609929 0.7174940898345153 0.0673758865248227 0.02127659574468085
