0 0.1783783783783784 0.026195899772209565 0.07567567567567568 0.05239179954441913
0 0.21711711711711712 0.3075170842824601 0.06306306306306306 0.05466970387243736
0 0.3108108108108108 0.3086560364464692 0.04144144144144144 0.04328018223234624
0 0.4 0.31093394077448744 0.04684684684684685 0.04328018223234624
0 0.11081081081081082 0.3086560364464692 0.06666666666666667 0.05239179954441913
0 0.24864864864864866 0.4009111617312073 0.043243243243243246 0.05466970387243736
0 0.34054054054054056 0.39863325740318906 0.04684684684684685 0.05466970387243736
0 0.418018018018018 0.4031890660592255 0.03963963963963964 0.08656036446469248
0 0.5126126126126126 0.4054669703872437 0.03783783783783784 0.06378132118451024
0 0.5702702702702703 0.4043280182232346 0.03063063063063063 0.04783599088838269
0 0.24864864864864866 0.5694760820045558 0.043243243243243246 0.05466970387243736
0 0.2882882882882883 0.8792710706150342 0.043243243243243246 0.0592255125284738
2 0.18198198198198198 0.05466970387243736 0.0936936936936937 0.02733485193621868
1 0.218018018018018 0.30182232346241455 0.007207207207207207 0.01594533029612756
1 0.11351351351351352 0.30296127562642367 0.014414414414414415 0.018223234624145785
3 0.35225225225225226 0.3940774487471526 0.009009009009009009 0.02277904328018223
1 0.26126126126126126 0.5649202733485194 0.014414414414414415 0.02277904328018223
2 0.42072072072072075 0.40888382687927105 0.01981981981981982 0.01594533029612756
