0 0.314 0.14473684210526316 0.056 0.09868421052631579
0 0.532 0.14638157894736842 0.184 0.17434210526315788
0 0.5630000000000001 0.5822368421052632 0.13 0.09210526315789473
0 0.73 0.5822368421052632 0.124 0.09210526315789473
0 0.259 0.7351973684210525 0.246 0.10197368421052631
0 0.258 0.8486842105263157 0.16 0.09868421052631579
1 0.553 0.10197368421052631 0.018000000000000002 0.039473684210526314
1 0.607 0.1825657894736842 0.018000000000000002 0.03618421052631579
1 0.273 0.7220394736842105 0.03 0.029605263157894735
1 0.19 0.7203947368421052 0.012 0.039473684210526314
1 0.321 0.8338815789473684 0.014 0.03618421052631579
1 0.24 0.8371710526315789 0.016 0.03618421052631579
2 0.846 0.59375 0.032 0.023026315789473683
2 0.545 0.16282894736842105 0.158 0.029605263157894735
2 0.258 0.7927631578947368 0.256 0.02631578947368421
