0 0.28703703703703703 0.4339506172839506 0.040740740740740744 0.06049382716049383
0 0.2888888888888889 0.5376543209876543 0.053703703703703705 0.0654320987654321
0 0.29120370370370374 0.6512345679012346 0.05648148148148149 0.05802469135802469
0 0.2935185185185185 0.7518518518518519 0.06481481481481481 0.1111111111111111
0 0.3689814814814815 0.6444444444444445 0.03981481481481482 0.06419753086419754
0 0.44027777777777777 0.6425925925925926 0.04166666666666667 0.06296296296296296
0 0.40324074074074073 0.7030864197530864 0.049074074074074076 0.06790123456790123
0 0.40601851851851856 0.7604938271604939 0.03796296296296296 0.06172839506172839
0 0.2851851851851852 0.845679012345679 0.03888888888888889 0.05925925925925926
1 0.3236111111111111 0.41728395061728396 0.02314814814814815 0.03950617283950617
1 0.30648148148148147 0.5302469135802469 0.014814814814814815 0.028395061728395062
2 0.3148148148148148 0.7549382716049382 0.02962962962962963 0.018518518518518517
2 0.4064814814814815 0.737037037037037 0.06296296296296297 0.022222222222222223
