0 0.22361111111111112 0.2271604938271605 0.05462962962962963 0.056790123456790124
0 0.29444444444444445 0.23086419753086418 0.03888888888888889 0.05185185185185185
0 0.362962962962963 0.22962962962962963 0.04259259259259259 0.04938271604938271
0 0.6685185185185185 0.2679012345679012 0.04259259259259259 0.05925925925925926
0 0.7532407407407408 0.2679012345679012 0.032407407407407406 0.05925925925925926
0 0.75 0.39814814814814814 0.037037037037037035 0.053086419753086415
0 0.6648148148148149 0.4024691358024691 0.037037037037037035 0.05925925925925926
0 0.6842592592592592 0.47962962962962963 0.040740740740740744 0.04814814814814815
0 0.8842592592592593 0.47962962962962963 0.037037037037037035 0.050617283950617285
0 0.9180555555555556 0.541358024691358 0.032407407407407406 0.05802469135802469
0 0.837037037037037 0.5388888888888889 0.037037037037037035 0.05555555555555555
0 0.7212962962962963 0.5401234567901234 0.037037037037037035 0.06049382716049383
0 0.6425925925925926 0.5364197530864198 0.031481481481481485 0.06049382716049383
0 0.7162037037037037 0.6876543209876543 0.04722222222222222 0.05925925925925926
0 0.6351851851851852 0.6858024691358025 0.04259259259259259 0.06296296296296296
0 0.6398148148148148 0.8530864197530864 0.04259259259259259 0.056790123456790124
0 0.3337962962962963 0.6166666666666667 0.03796296296296296 0.053086419753086415
0 0.274537037037037 0.6172839506172839 0.04351851851851852 0.05185185185185185
0 0.4199074074074074 0.47716049382716047 0.04351851851851852 0.05555555555555555
0 0.4226851851851852 0.34074074074074073 0.03796296296296296 0.056790123456790124
0 0.3513888888888889 0.3450617283950617 0.04166666666666667 0.05555555555555555
0 0.27870370370370373 0.3450617283950617 0.053703703703703705 0.04814814814814815
0 0.2902777777777778 0.47530864197530864 0.03981481481481482 0.056790123456790124
0 0.35462962962962963 0.4765432098765432 0.044444444444444446 0.06419753086419754
2 0.6472222222222223 0.24135802469135803 0.07407407407407407 0.016049382716049384
2 0.7412037037037037 0.24135802469135803 0.0638888888888889 0.018518518518518517
2 0.6407407407407407 0.37160493827160496 0.07592592592592592 0.022222222222222223
2 0.7375 0.37407407407407406 0.06944444444444445 0.014814814814814815
2 0.6597222222222222 0.5117283950617284 0.17314814814814816 0.025925925925925925
2 0.8546296296296296 0.5117283950617284 0.17777777777777778 0.025925925925925925
2 0.6532407407407408 0.6574074074074074 0.1712962962962963 0.018518518518518517
2 0.6203703703703703 0.8179012345679012 0.10185185185185186 0.023456790123456788
1 0.6708333333333334 0.8320987654320987 0.01388888888888889 0.022222222222222223
1 0.5953703703703704 0.8395061728395061 0.011111111111111112 0.01728395061728395
