0 0.492 0.31066666666666665 0.044 0.06666666666666667
0 0.434 0.448 0.056 0.06933333333333333
0 0.439 0.5413333333333333 0.066 0.06933333333333333
0 0.523 0.5466666666666666 0.05 0.064
0 0.592 0.5466666666666666 0.044 0.07466666666666666
0 0.56 0.6906666666666667 0.044 0.064
0 0.5630000000000001 0.752 0.046 0.058666666666666666
0 0.47600000000000003 0.7186666666666667 0.068 0.11466666666666667
1 0.527 0.30266666666666664 0.014 0.024
1 0.453 0.4333333333333333 0.022 0.029333333333333333
2 0.493 0.724 0.03 0.018666666666666665
2 0.56 0.7253333333333333 0.052000000000000005 0.016
