0 0.29074074074074074 0.4302469135802469 0.037037037037037035 0.07037037037037037
0 0.2888888888888889 0.5376543209876543 0.05925925925925926 0.0728395061728395
0 0.29074074074074074 0.6493827160493827 0.05555555555555556 0.06172839506172839
0 0.3712962962962963 0.6469135802469136 0.044444444444444446 0.0691358024691358
0 0.44351851851851853 0.6469135802469136 0.040740740740740744 0.056790123456790124
0 0.4064814814814815 0.7006172839506173 0.044444444444444446 0.0654320987654321
0 0.40370370370370373 0.7617283950617284 0.04259259259259259 0.06172839506172839
0 0.2935185185185185 0.7487654320987654 0.06481481481481481 0.11728395061728394
0 0.28101851851851856 0.8481481481481481 0.03981481481481482 0.06172839506172839
1 0.3231481481481482 0.412962962962963 0.020370370370370372 0.03333333333333333
1 0.3092592592592593 0.5246913580246914 0.018518518518518517 0.019753086419753086
2 0.3078703703703704 0.7506172839506172 0.030555555555555558 0.019753086419753086
2 0.4046296296296297 0.7351851851851852 0.05185185185185186 0.018518518518518517
