0 0.13666666666666666 0.046511627906976744 0.042222222222222223 0.05116279069767442
0 0.2 0.04767441860465116 0.05333333333333333 0.053488372093023255
0 0.2611111111111111 0.05 0.042222222222222223 0.053488372093023255
0 0.3377777777777778 0.05 0.044444444444444446 0.053488372093023255
0 0.3211111111111111 0.2127906976744186 0.04666666666666667 0.08139534883720931
0 0.5988888888888889 0.23604651162790696 0.05555555555555555 0.05813953488372093
0 0.6877777777777778 0.2313953488372093 0.06 0.04883720930232558
0 0.7844444444444444 0.23488372093023255 0.04888888888888889 0.05581395348837209
0 0.8544444444444445 0.23372093023255813 0.04666666666666667 0.053488372093023255
0 0.8111111111111111 0.40581395348837207 0.13777777777777778 0.09069767441860466
0 0.6588888888888889 0.4046511627906977 0.13555555555555557 0.08837209302325581
0 0.38555555555555554 0.39651162790697675 0.08666666666666667 0.044186046511627906
0 0.2811111111111111 0.39651162790697675 0.08666666666666667 0.044186046511627906
0 0.23555555555555555 0.5744186046511628 0.1511111111111111 0.06046511627906977
0 0.13555555555555557 0.5697674418604651 0.026666666666666665 0.046511627906976744
0 0.6666666666666666 0.5732558139534883 0.04 0.044186046511627906
0 0.7355555555555555 0.5697674418604651 0.035555555555555556 0.037209302325581395
0 0.7944444444444444 0.5744186046511628 0.051111111111111114 0.05581395348837209
0 0.8322222222222222 0.7453488372093023 0.07333333333333333 0.053488372093023255
0 0.7377777777777778 0.7406976744186047 0.08888888888888889 0.05813953488372093
0 0.6544444444444445 0.7465116279069768 0.07333333333333333 0.04186046511627907
0 0.7455555555555555 0.9302325581395349 0.13555555555555557 0.08837209302325581
0 0.18 0.9058139534883721 0.04 0.03488372093023256
0 0.18222222222222223 0.9511627906976744 0.044444444444444446 0.03255813953488372
0 0.3233333333333333 0.7441860465116279 0.05555555555555555 0.046511627906976744
0 0.13777777777777778 0.7430232558139535 0.07111111111111111 0.09069767441860466
0 0.21777777777777776 0.741860465116279 0.04 0.04186046511627907
2 0.7577777777777778 0.033720930232558136 0.026666666666666665 0.01627906976744186
2 0.8366666666666667 0.03255813953488372 0.024444444444444446 0.018604651162790697
2 0.8233333333333334 0.40348837209302324 0.024444444444444446 0.01627906976744186
2 0.7711111111111111 0.40232558139534885 0.026666666666666665 0.013953488372093023
2 0.6666666666666666 0.40581395348837207 0.022222222222222223 0.011627906976744186
2 0.62 0.4069767441860465 0.03111111111111111 0.018604651162790697
2 0.46555555555555556 0.40348837209302324 0.03333333333333333 0.01627906976744186
2 0.15666666666666668 0.7465116279069768 0.024444444444444446 0.013953488372093023
2 0.18 0.9372093023255814 0.09777777777777778 0.023255813953488372
2 0.7522222222222222 0.9325581395348838 0.11777777777777777 0.018604651162790697
2 0.15222222222222223 0.22093023255813954 0.09111111111111111 0.013953488372093023
2 0.7077777777777777 0.5790697674418605 0.02 0.013953488372093023
