0 0.1534090909090909 0.1486254295532646 0.08863636363636364 0.070446735395189
0 0.4261363636363636 0.10309278350515463 0.12045454545454545 0.07216494845360824
0 0.6465909090909091 0.11168384879725085 0.12045454545454545 0.16151202749140894
0 0.9022727272727272 0.26890034364261167 0.09999999999999999 0.07731958762886598
0 0.7068181818181818 0.26718213058419243 0.08636363636363636 0.07731958762886598
0 0.28863636363636364 0.23195876288659795 0.09999999999999999 0.06872852233676977
0 0.3852272727272727 0.3178694158075601 0.07954545454545454 0.054982817869415807
0 0.16022727272727272 0.3161512027491409 0.10227272727272727 0.06872852233676977
0 0.16477272727272727 0.41237113402061853 0.08863636363636364 0.058419243986254296
0 0.4318181818181818 0.4106529209621993 0.10454545454545454 0.07903780068728522
0 0.1568181818181818 0.5017182130584192 0.09545454545454544 0.06872852233676977
0 0.22727272727272727 0.5919243986254296 0.12727272727272726 0.06701030927835051
0 0.4602272727272727 0.5962199312714777 0.12045454545454545 0.07560137457044673
0 0.6988636363636364 0.5996563573883161 0.1159090909090909 0.07216494845360824
0 0.8909090909090909 0.5979381443298969 0.09999999999999999 0.07216494845360824
0 0.5784090909090909 0.6915807560137457 0.09318181818181817 0.06701030927835051
0 0.37727272727272726 0.6898625429553265 0.08636363636363636 0.06357388316151202
0 0.4318181818181818 0.7835051546391752 0.09090909090909091 0.06872852233676977
0 0.2693181818181818 0.877147766323024 0.09318181818181817 0.070446735395189
0 0.17386363636363636 0.6932989690721649 0.125 0.07388316151202749
2 0.19204545454545455 0.11168384879725085 0.20227272727272727 0.024054982817869414
2 0.6568181818181817 0.11597938144329897 0.08636363636363636 0.022336769759450172
2 0.3159090909090909 0.2809278350515464 0.4818181818181818 0.022336769759450172
