0 0.1957831325301205 0.17670682730923695 0.088855421686747 0.08835341365461848
0 0.708960843373494 0.23159303882195448 0.0730421686746988 0.13922356091030788
0 0.6897590361445783 0.3902275769745649 0.06777108433734941 0.12182061579651941
0 0.8422439759036146 0.6331994645247657 0.08057228915662651 0.16599732262382863
0 0.9612198795180723 0.6291834002677376 0.07605421686746988 0.08299866131191432
0 0.5613704819277109 0.5896921017402945 0.11069277108433735 0.07898259705488621
0 0.42168674698795183 0.6338688085676037 0.09487951807228916 0.1539491298527443
0 0.22552710843373494 0.6211512717536813 0.04743975903614458 0.08032128514056225
0 0.14495481927710843 0.6211512717536813 0.05346385542168675 0.15261044176706826
0 0.20971385542168675 0.34872824631860777 0.17243975903614459 0.14323962516733602
0 0.569277108433735 0.8714859437751004 0.043674698795180725 0.08032128514056225
0 0.6389307228915663 0.8681392235609102 0.0444277108433735 0.07362784471218206
0 0.5753012048192772 0.9618473895582329 0.03765060240963856 0.07362784471218206
0 0.6430722891566265 0.9618473895582329 0.03463855421686747 0.07362784471218206
3 0.21573795180722893 0.16934404283801874 0.015813253012048195 0.028112449799196786
2 0.13403614457831325 0.178714859437751 0.02710843373493976 0.025435073627844713
2 0.7112198795180723 0.23761713520749664 0.05346385542168675 0.028112449799196786
2 0.6961596385542169 0.394243641231593 0.05496987951807229 0.025435073627844713
1 0.23079819277108435 0.3828647925033467 0.014307228915662652 0.029451137884872823
1 0.17281626506024098 0.33467202141900937 0.01280120481927711 0.024096385542168672
1 0.552710843373494 0.5863453815261044 0.01957831325301205 0.024096385542168672
1 0.6020331325301205 0.5923694779116465 0.014307228915662652 0.03078982597054886
1 0.8516566265060241 0.5890227576974565 0.009036144578313254 0.0321285140562249
1 0.9525602409638555 0.6184738955823293 0.015060240963855422 0.03480589022757697
2 0.14721385542168675 0.6271753681392236 0.030873493975903617 0.03078982597054886
2 0.4299698795180723 0.6365461847389557 0.08283132530120482 0.03346720214190094
2 0.5651355421686747 0.6405622489959839 0.12575301204819278 0.022757697456492636
2 0.8482680722891567 0.6405622489959839 0.05496987951807229 0.022757697456492636
2 0.22628012048192772 0.36010709504685406 0.0444277108433735 0.024096385542168672
