0 0.16111111111111112 0.12460937500000001 0.06666666666666667 0.03828125
0 0.25972222222222224 0.125390625 0.08888888888888889 0.03671875
0 0.36180555555555555 0.12382812500000001 0.07083333333333333 0.039843750000000004
0 0.4416666666666667 0.12617187500000002 0.05555555555555556 0.03359375
0 0.24791666666666667 0.1625 0.05416666666666667 0.0328125
0 0.40694444444444444 0.16171875000000002 0.0638888888888889 0.028125
0 0.34375 0.21601562500000002 0.07916666666666666 0.07421875
0 0.44583333333333336 0.21640625000000002 0.06944444444444445 0.07500000000000001
0 0.19097222222222224 0.215625 0.07083333333333333 0.0390625
0 0.16041666666666668 0.28750000000000003 0.06805555555555556 0.07968750000000001
0 0.2625 0.268359375 0.058333333333333334 0.03828125
2 0.48055555555555557 0.28945312500000003 0.08611111111111111 0.014843750000000001
2 0.27708333333333335 0.291015625 0.10972222222222222 0.017968750000000002
2 0.16944444444444445 0.287890625 0.04166666666666667 0.013281250000000001
1 0.3791666666666667 0.27773437500000003 0.022222222222222223 0.01640625
1 0.5673611111111111 0.278125 0.02638888888888889 0.0203125
