0 0.29752604166666663 0.34814453125 0.06640625 0.0615234375
0 0.41015625 0.3359375 0.04427083333333333 0.044921875
0 0.59375 0.3330078125 0.057291666666666664 0.052734375
0 0.7916666666666666 0.33447265625 0.06770833333333333 0.0517578125
0 0.908203125 0.37109375 0.06380208333333333 0.068359375
0 0.8118489583333333 0.4677734375 0.07161458333333333 0.068359375
0 0.6783854166666666 0.44140625 0.05208333333333333 0.04296875
0 0.5358072916666666 0.431640625 0.061197916666666664 0.05078125
0 0.3763020833333333 0.42578125 0.057291666666666664 0.03515625
0 0.248046875 0.45068359375 0.06640625 0.0556640625
0 0.2265625 0.54443359375 0.0703125 0.0537109375
0 0.39453125 0.5419921875 0.05989583333333333 0.052734375
0 0.7233072916666666 0.853515625 0.053385416666666664 0.0625
2 0.4134114583333333 0.36279296875 0.06640625 0.0166015625
2 0.580078125 0.36328125 0.10546875 0.017578125
2 0.7779947916666666 0.365234375 0.07421875 0.021484375
2 0.6731770833333333 0.47119140625 0.07552083333333333 0.0224609375
2 0.5234375 0.46044921875 0.09635416666666666 0.0224609375
2 0.36979166666666663 0.451171875 0.08072916666666666 0.021484375
2 0.37109375 0.57666015625 0.08072916666666666 0.0283203125
2 0.19921875 0.57958984375 0.08072916666666666 0.0224609375
