0 0.18817204301075272 0.3373205741626794 0.05376344086021506 0.09090909090909091
0 0.3024193548387097 0.33492822966507174 0.040322580645161296 0.07655502392344497
0 0.6061827956989247 0.3397129186602871 0.040322580645161296 0.08612440191387559
0 0.6948924731182796 0.34210526315789475 0.051075268817204304 0.08133971291866028
0 0.7741935483870969 0.34210526315789475 0.05913978494623656 0.08133971291866028
0 0.8575268817204301 0.34449760765550236 0.05376344086021506 0.08612440191387559
0 0.8736559139784947 0.4688995215311005 0.048387096774193554 0.08612440191387559
0 0.7647849462365592 0.6004784688995215 0.051075268817204304 0.08133971291866028
0 0.6935483870967742 0.4712918660287081 0.048387096774193554 0.09090909090909091
0 0.603494623655914 0.4688995215311005 0.051075268817204304 0.07655502392344497
0 0.6075268817204301 0.6004784688995215 0.043010752688172046 0.09090909090909091
0 0.31451612903225806 0.5143540669856459 0.05376344086021506 0.08133971291866028
0 0.239247311827957 0.5167464114832536 0.03763440860215054 0.09569377990430622
0 0.20295698924731184 0.6889952153110047 0.051075268817204304 0.09569377990430622
1 0.6465053763440861 0.5717703349282296 0.013440860215053765 0.043062200956937795
1 0.8010752688172044 0.5741626794258373 0.016129032258064516 0.03827751196172249
