0 0.19855595667870038 0.06201550387596899 0.1263537906137184 0.050387596899224806
0 0.5658844765342961 0.04748062015503876 0.05956678700361011 0.09108527131782945
0 0.6588447653429603 0.14437984496124032 0.148014440433213 0.06007751937984496
0 0.14891696750902528 0.14244186046511628 0.05956678700361011 0.0872093023255814
0 0.3528880866425993 0.24224806201550386 0.048736462093862815 0.08914728682170542
0 0.43231046931407946 0.23934108527131784 0.052346570397111915 0.05232558139534883
0 0.5234657039711191 0.23837209302325582 0.06498194945848376 0.05426356589147287
0 0.3898916967509025 0.3943798449612403 0.036101083032490974 0.04844961240310078
0 0.30054151624548736 0.4505813953488372 0.04512635379061372 0.04457364341085271
0 0.17509025270758125 0.4757751937984496 0.039711191335740074 0.04844961240310078
0 0.7924187725631769 0.4001937984496124 0.05776173285198556 0.05232558139534883
0 0.9368231046931408 0.4001937984496124 0.036101083032490974 0.05232558139534883
0 0.5830324909747293 0.750968992248062 0.039711191335740074 0.04457364341085271
0 0.5108303249097473 0.8575581395348837 0.06859205776173286 0.04457364341085271
0 0.6976534296028881 0.875968992248062 0.10649819494584838 0.05813953488372093
0 0.33212996389891697 0.875968992248062 0.04693140794223827 0.03488372093023256
0 0.1931407942238267 0.8798449612403101 0.036101083032490974 0.050387596899224806
0 0.194043321299639 0.9312015503875969 0.03429602888086643 0.04457364341085271
1 0.1832129963898917 0.05910852713178295 0.012635379061371842 0.013565891472868217
1 0.2518050541516246 0.05717054263565891 0.023465703971119134 0.02131782945736434
3 0.7129963898916968 0.13662790697674418 0.010830324909747294 0.01744186046511628
3 0.546028880866426 0.22868217054263565 0.019855595667870037 0.01937984496124031
3 0.4503610108303249 0.23352713178294573 0.009025270758122744 0.01744186046511628
1 0.3203971119133574 0.23449612403100775 0.009025270758122744 0.027131782945736434
1 0.9738267148014441 0.39147286821705424 0.012635379061371842 0.023255813953488372
2 0.13357400722021662 0.47771317829457366 0.039711191335740074 0.02131782945736434
2 0.2716606498194946 0.7742248062015504 0.04151624548736462 0.01744186046511628
2 0.5776173285198556 0.7732558139534884 0.039711191335740074 0.01937984496124031
2 0.4557761732851986 0.8633720930232558 0.03429602888086643 0.013565891472868217
2 0.5803249097472925 0.046511627906976744 0.03068592057761733 0.01937984496124031
2 0.14891696750902528 0.14825581395348836 0.0631768953068592 0.01744186046511628
