0 0.6208333333333333 0.08209876543209876 0.06018518518518519 0.08024691358024691
0 0.6092592592592593 0.30246913580246915 0.08703703703703704 0.07654320987654321
0 0.6231481481481481 0.41604938271604935 0.08148148148148149 0.08641975308641975
0 0.25324074074074077 0.42592592592592593 0.0638888888888889 0.11851851851851852
0 0.22175925925925927 0.2882716049382716 0.09537037037037037 0.08271604938271605
0 0.22777777777777777 0.6395061728395062 0.061111111111111116 0.08395061728395062
0 0.3365740740740741 0.6444444444444445 0.058333333333333334 0.0691358024691358
0 0.4486111111111111 0.6419753086419753 0.05648148148148149 0.06666666666666667
0 0.4365740740740741 0.7283950617283951 0.058333333333333334 0.06666666666666667
0 0.2962962962962963 0.7277777777777777 0.05925925925925926 0.06049382716049383
0 0.25601851851851853 0.8135802469135802 0.06759259259259259 0.06666666666666667
0 0.38703703703703707 0.8154320987654321 0.061111111111111116 0.06049382716049383
0 0.500925925925926 0.8185185185185185 0.05925925925925926 0.06419753086419754
0 0.3925925925925926 0.9012345679012346 0.05925925925925926 0.07407407407407407
0 0.2564814814814815 0.904320987654321 0.06851851851851852 0.07037037037037037
