0 0.2877777777777778 0.08666666666666667 0.14444444444444443 0.10333333333333335
0 0.47333333333333333 0.09000000000000001 0.08 0.06333333333333334
0 0.69 0.09333333333333334 0.09111111111111111 0.08333333333333334
0 0.6777777777777778 0.21750000000000003 0.08444444444444445 0.09833333333333334
0 0.49777777777777776 0.2041666666666667 0.05333333333333333 0.07166666666666667
0 0.2788888888888889 0.20500000000000002 0.09111111111111111 0.09000000000000001
0 0.29333333333333333 0.29000000000000004 0.05333333333333333 0.04
0 0.4388888888888889 0.30833333333333335 0.051111111111111114 0.07
0 0.65 0.34750000000000003 0.07777777777777778 0.06833333333333334
0 0.29444444444444445 0.3516666666666667 0.06444444444444444 0.043333333333333335
0 0.31333333333333335 0.455 0.06666666666666667 0.043333333333333335
0 0.4255555555555556 0.4066666666666667 0.06 0.04666666666666667
0 0.6555555555555556 0.4666666666666667 0.06222222222222222 0.06333333333333334
0 0.5044444444444445 0.4608333333333334 0.04888888888888889 0.05166666666666667
0 0.4388888888888889 0.4608333333333334 0.051111111111111114 0.04833333333333334
0 0.30444444444444446 0.5583333333333333 0.07111111111111111 0.04666666666666667
0 0.4222222222222222 0.6291666666666667 0.044444444444444446 0.045000000000000005
0 0.42666666666666664 0.685 0.04888888888888889 0.043333333333333335
0 0.3655555555555556 0.6900000000000001 0.04666666666666667 0.05
0 0.42777777777777776 0.7516666666666667 0.06 0.06333333333333334
0 0.4866666666666667 0.8700000000000001 0.06666666666666667 0.06333333333333334
