0 0.3282407407407408 0.30123456790123454 0.10462962962962963 0.1259259259259259
0 0.29212962962962963 0.6098765432098765 0.04537037037037037 0.145679012345679
0 0.7189814814814816 0.6135802469135803 0.04722222222222222 0.07160493827160494
0 0.737037037037037 0.7753086419753086 0.10185185185185186 0.08641975308641975
0 0.3231481481481482 0.7753086419753086 0.05555555555555556 0.14814814814814814
1 0.4222222222222222 0.2777777777777778 0.020370370370370372 0.04938271604938271
1 0.3375 0.6018518518518519 0.02314814814814815 0.04074074074074074
1 0.763425925925926 0.5962962962962963 0.019444444444444445 0.03950617283950617
1 0.8101851851851852 0.7623456790123456 0.016666666666666666 0.043209876543209874
1 0.3675925925925926 0.7574074074074074 0.022222222222222223 0.028395061728395062
2 0.3023148148148148 0.6172839506172839 0.032407407407407406 0.012345679012345678
2 0.33287037037037037 0.778395061728395 0.032407407407407406 0.013580246913580247
