0 0.25927734375 0.09049479166666666 0.0380859375 0.04817708333333333
0 0.322265625 0.09505208333333333 0.044921875 0.0390625
0 0.62451171875 0.08658854166666666 0.0439453125 0.04296875
0 0.765625 0.08333333333333333 0.06640625 0.0546875
0 0.75341796875 0.14127604166666666 0.0615234375 0.04296875
0 0.64599609375 0.193359375 0.0595703125 0.045572916666666664
0 0.6298828125 0.130859375 0.03125 0.037760416666666664
0 0.36669921875 0.146484375 0.0361328125 0.05078125
0 0.2724609375 0.14453125 0.044921875 0.05208333333333333
0 0.27001953125 0.31640625 0.0830078125 0.05989583333333333
0 0.37109375 0.318359375 0.0625 0.04817708333333333
0 0.62158203125 0.32291666666666663 0.0283203125 0.04427083333333333
0 0.7314453125 0.32421875 0.056640625 0.08333333333333333
0 0.76904296875 0.4140625 0.0615234375 0.08333333333333333
0 0.744140625 0.46744791666666663 0.033203125 0.0546875
0 0.6396484375 0.46354166666666663 0.041015625 0.0546875
0 0.64404296875 0.39713541666666663 0.0478515625 0.057291666666666664
0 0.310546875 0.3938802083333333 0.123046875 0.09765625
0 0.302734375 0.48697916666666663 0.087890625 0.05989583333333333
0 0.24267578125 0.6223958333333333 0.0654296875 0.09895833333333333
0 0.32421875 0.625 0.05859375 0.09895833333333333
0 0.4052734375 0.6217447916666666 0.060546875 0.10286458333333333
0 0.69677734375 0.6119791666666666 0.0517578125 0.0546875
0 0.78173828125 0.6061197916666666 0.0439453125 0.10026041666666666
0 0.869140625 0.609375 0.041015625 0.109375
0 0.93603515625 0.6595052083333333 0.0400390625 0.053385416666666664
0 0.81494140625 0.6673177083333333 0.0439453125 0.045572916666666664
0 0.94921875 0.71875 0.05078125 0.05208333333333333
0 0.8291015625 0.716796875 0.0390625 0.061197916666666664
0 0.70263671875 0.6796875 0.0654296875 0.057291666666666664
0 0.74169921875 0.7669270833333333 0.0791015625 0.05989583333333333
0 0.48193359375 0.7350260416666666 0.0693359375 0.09765625
0 0.3701171875 0.736328125 0.072265625 0.11067708333333333
0 0.24951171875 0.7434895833333333 0.0830078125 0.10677083333333333
0 0.26806640625 0.8483072916666666 0.0869140625 0.10286458333333333
0 0.408203125 0.8502604166666666 0.083984375 0.10677083333333333
1 0.28759765625 0.3098958333333333 0.0126953125 0.028645833333333332
1 0.31982421875 0.373046875 0.0185546875 0.024739583333333332
1 0.66064453125 0.603515625 0.0146484375 0.022135416666666664
1 0.65869140625 0.662109375 0.0185546875 0.02734375
2 0.75146484375 0.11653645833333333 0.1142578125 0.029947916666666664
2 0.9345703125 0.6881510416666666 0.08984375 0.03255208333333333
2 0.80810546875 0.689453125 0.0732421875 0.029947916666666664
2 0.7099609375 0.8001302083333333 0.173828125 0.029947916666666664
2 0.25537109375 0.7552083333333333 0.0458984375 0.020833333333333332
2 0.37939453125 0.7473958333333333 0.0517578125 0.018229166666666664
