0 0.231239092495637 0.047155688622754495 0.03315881326352531 0.040419161676646706
0 0.3036649214659686 0.023952095808383235 0.031413612565445025 0.035928143712574856
0 0.33944153577661434 0.09056886227544911 0.029668411867364748 0.037425149700598806
0 0.5418848167539267 0.08832335329341318 0.0924956369982548 0.04491017964071856
0 0.4406631762652705 0.17814371257485032 0.04712041884816754 0.04191616766467066
0 0.26527050610820246 0.19910179640718564 0.041884816753926704 0.035928143712574856
0 0.14397905759162305 0.23877245508982037 0.02617801047120419 0.04940119760479042
0 0.5951134380453752 0.2597305389221557 0.031413612565445025 0.04341317365269461
0 0.6404886561954625 0.25823353293413176 0.034904013961605584 0.040419161676646706
0 0.9546247818499127 0.3547904191616767 0.038394415357766144 0.035928143712574856
0 0.612565445026178 0.47380239520958084 0.08027923211169284 0.04640718562874252
0 0.7102966841186736 0.47305389221556887 0.031413612565445025 0.04191616766467066
0 0.3656195462478185 0.4251497005988024 0.04013961605584642 0.029940119760479042
0 0.19109947643979058 0.42814371257485034 0.029668411867364748 0.03293413173652695
0 0.6649214659685864 0.563622754491018 0.13961605584642234 0.04940119760479042
0 0.3219895287958115 0.6235029940119761 0.10296684118673648 0.04640718562874252
0 0.10645724258289703 0.6669161676646707 0.1012216404886562 0.04640718562874252
0 0.5479930191972077 0.8809880239520959 0.038394415357766144 0.037425149700598806
0 0.7015706806282722 0.8839820359281437 0.02443280977312391 0.04341317365269461
0 0.787085514834206 0.8832335329341318 0.038394415357766144 0.038922155688622756
0 0.23298429319371727 0.9236526946107785 0.029668411867364748 0.03293413173652695
0 0.13699825479930192 0.9244011976047904 0.04712041884816754 0.037425149700598806
2 0.231239092495637 0.032185628742514974 0.04712041884816754 0.019461077844311378
2 0.6195462478184991 0.27994011976047906 0.1012216404886562 0.023952095808383235
1 0.5785340314136126 0.08682634730538923 0.012216404886561954 0.017964071856287428
2 0.27486910994764396 0.18038922155688625 0.07155322862129145 0.02245508982035928
1 0.18760907504363003 0.3862275449101797 0.012216404886561954 0.023952095808383235
1 0.39092495636998253 0.38922155688622756 0.020942408376963352 0.023952095808383235
1 0.36736474694589877 0.6175149700598803 0.012216404886561954 0.016467065868263474
1 0.631762652705061 0.5568862275449102 0.017452006980802792 0.014970059880239521
1 0.15008726003490402 0.658682634730539 0.010471204188481676 0.014970059880239521
3 0.5575916230366492 0.9154191616766467 0.012216404886561954 0.010479041916167666
3 0.6082024432809773 0.9169161676646708 0.019197207678883072 0.01347305389221557
2 0.49912739965095987 0.5673652694610779 0.059336823734729496 0.014970059880239521
2 0.11518324607329843 0.972305389221557 0.034904013961605584 0.016467065868263474
1 0.4720767888307155 0.6624251497005988 0.015706806282722512 0.016467065868263474
