0 0.44424019607843135 0.2238562091503268 0.05269607843137255 0.08169934640522876
0 0.5324754901960784 0.21977124183006536 0.06985294117647059 0.08660130718954248
0 0.6200980392156863 0.22630718954248366 0.061274509803921566 0.10294117647058824
0 0.7469362745098039 0.22794117647058823 0.0625 0.11601307189542484
0 0.8290441176470588 0.2246732026143791 0.06495098039215687 0.09313725490196079
0 0.9276960784313726 0.22549019607843138 0.07352941176470588 0.11437908496732027
0 0.7058823529411764 0.3700980392156863 0.06372549019607843 0.09640522875816994
0 0.5337009803921569 0.375 0.06985294117647059 0.09640522875816994
0 0.4368872549019608 0.3758169934640523 0.06740196078431372 0.10130718954248366
0 0.6200980392156863 0.5179738562091504 0.07107843137254902 0.09803921568627451
0 0.5631127450980392 0.6331699346405228 0.08700980392156862 0.09640522875816994
1 0.6121323529411765 0.33333333333333337 0.028186274509803922 0.032679738562091505
1 0.7757352941176471 0.3284313725490196 0.0392156862745098 0.04575163398692811
