0 0.27666666666666667 0.20583333333333334 0.06 0.055
0 0.37333333333333335 0.21666666666666667 0.04888888888888889 0.043333333333333335
0 0.6033333333333334 0.21666666666666667 0.051111111111111114 0.04666666666666667
0 0.6833333333333333 0.21666666666666667 0.05555555555555555 0.05
0 0.7 0.26916666666666667 0.05333333333333333 0.055
0 0.6388888888888888 0.2725 0.042222222222222223 0.045000000000000005
0 0.3522222222222222 0.27666666666666667 0.06 0.04666666666666667
0 0.4177777777777778 0.2775 0.044444444444444446 0.045000000000000005
0 0.2733333333333333 0.3416666666666667 0.07555555555555556 0.05666666666666667
0 0.8177777777777778 0.49083333333333334 0.07111111111111111 0.07500000000000001
0 0.8288888888888889 0.5508333333333334 0.06222222222222222 0.055
0 0.7244444444444444 0.5766666666666667 0.06222222222222222 0.06666666666666667
0 0.71 0.4941666666666667 0.051111111111111114 0.06833333333333334
0 0.47333333333333333 0.4916666666666667 0.057777777777777775 0.04666666666666667
0 0.36 0.4941666666666667 0.057777777777777775 0.065
0 0.26 0.49833333333333335 0.06222222222222222 0.060000000000000005
0 0.2644444444444444 0.5808333333333334 0.044444444444444446 0.055
0 0.34444444444444444 0.5558333333333334 0.05333333333333333 0.058333333333333334
0 0.48777777777777775 0.5725 0.07333333333333333 0.06166666666666667
0 0.7777777777777778 0.6533333333333333 0.08 0.07333333333333333
0 0.37222222222222223 0.6558333333333334 0.08222222222222222 0.06833333333333334
0 0.2811111111111111 0.6641666666666667 0.05555555555555555 0.06166666666666667
