0 0.24305555555555558 0.22055288461538464 0.08440170940170941 0.05288461538461539
0 0.47329059829059833 0.21905048076923078 0.13247863247863248 0.0811298076923077
0 0.7083333333333334 0.2139423076923077 0.11965811965811968 0.07451923076923077
0 0.6944444444444445 0.3656850961538462 0.16666666666666669 0.08353365384615385
0 0.4428418803418804 0.36418269230769235 0.15705128205128208 0.08293269230769232
0 0.24145299145299148 0.35336538461538464 0.061965811965811975 0.042067307692307696
0 0.25480769230769235 0.4792668269230769 0.07585470085470086 0.04747596153846154
0 0.41613247863247865 0.4573317307692308 0.07371794871794872 0.04326923076923077
0 0.6730769230769231 0.4636418269230769 0.07905982905982907 0.05348557692307693
0 0.6207264957264957 0.5997596153846154 0.07051282051282053 0.058894230769230775
0 0.5721153846153847 0.7007211538461539 0.09722222222222224 0.05288461538461539
0 0.6014957264957266 0.8179086538461539 0.09401709401709403 0.054086538461538464
2 0.4973290598290599 0.22265625 0.10363247863247864 0.01983173076923077
2 0.7110042735042735 0.21274038461538464 0.054487179487179495 0.014423076923076924
1 0.7222222222222223 0.3819110576923077 0.021367521367521368 0.010216346153846154
3 0.513888888888889 0.23768028846153846 0.02991452991452992 0.018629807692307692
2 0.5133547008547009 0.5931490384615385 0.07158119658119659 0.010817307692307692
1 0.3803418803418804 0.6090745192307693 0.023504273504273508 0.01983173076923077
1 0.32104700854700857 0.6799879807692308 0.03311965811965812 0.018629807692307692
2 0.3808760683760684 0.7088341346153847 0.2873931623931624 0.03665865384615385
1 0.4150641025641026 0.725360576923077 0.030982905982905987 0.019230769230769232
1 0.5128205128205129 0.8765024038461539 0.04914529914529915 0.017427884615384616
2 0.46153846153846156 0.8596754807692308 0.43589743589743596 0.018629807692307692
