0 0.6795 0.3133333333333333 0.053 0.030666666666666665
0 0.7175 0.574 0.061 0.06266666666666666
0 0.7325 0.6543333333333333 0.093 0.049999999999999996
0 0.68 0.7116666666666667 0.07 0.043333333333333335
0 0.526 0.718 0.112 0.05466666666666666
0 0.5275 0.418 0.075 0.04133333333333333
0 0.5855 0.31366666666666665 0.047 0.046
0 0.5175 0.21766666666666665 0.043000000000000003 0.04066666666666666
0 0.6655 0.10766666666666666 0.041 0.024666666666666667
0 0.40900000000000003 0.17099999999999999 0.044 0.024666666666666667
0 0.3935 0.11699999999999999 0.025 0.03133333333333333
0 0.4025 0.053 0.041 0.03
0 0.4835 0.3133333333333333 0.033 0.032
0 0.2715 0.5663333333333334 0.07100000000000001 0.048666666666666664
0 0.41250000000000003 0.574 0.067 0.052
0 0.2675 0.6563333333333333 0.067 0.049999999999999996
0 0.2785 0.7743333333333333 0.055 0.043333333333333335
0 0.401 0.7693333333333333 0.05 0.05333333333333333
0 0.3165 0.8346666666666667 0.075 0.04133333333333333
0 0.41000000000000003 0.6613333333333333 0.108 0.04666666666666666
0 0.3955 0.7106666666666667 0.073 0.04133333333333333
0 0.259 0.716 0.084 0.048
