0 0.29092526690391457 0.022088353413654616 0.04448398576512455 0.040160642570281124
0 0.3692170818505338 0.022088353413654616 0.04448398576512455 0.04417670682730923
0 0.5195729537366548 0.023092369477911646 0.0498220640569395 0.04618473895582329
0 0.39679715302491103 0.06927710843373493 0.046263345195729534 0.04618473895582329
0 0.3265124555160142 0.071285140562249 0.037366548042704624 0.04618473895582329
0 0.2775800711743772 0.07429718875502007 0.042704626334519574 0.05220883534136546
0 0.2766903914590747 0.13855421686746985 0.04448398576512455 0.05220883534136546
0 0.34341637010676157 0.13755020080321284 0.03202846975088968 0.04618473895582329
0 0.40480427046263345 0.12248995983935741 0.037366548042704624 0.048192771084337345
0 0.4128113879003559 0.16967871485943772 0.03914590747330961 0.04618473895582329
0 0.48309608540925264 0.12349397590361445 0.06227758007117437 0.0502008032128514
0 0.28558718861209964 0.2118473895582329 0.037366548042704624 0.04618473895582329
0 0.28113879003558717 0.2771084337349397 0.0498220640569395 0.05220883534136546
0 0.23131672597864766 0.4718875502008032 0.046263345195729534 0.048192771084337345
0 0.3594306049822064 0.47088353413654616 0.042704626334519574 0.0502008032128514
0 0.44306049822064053 0.4728915662650602 0.042704626334519574 0.0502008032128514
0 0.3861209964412811 0.5271084337349398 0.08540925266903915 0.06224899598393574
0 0.15302491103202845 0.47088353413654616 0.042704626334519574 0.0502008032128514
0 0.1387900355871886 0.5251004016064257 0.03558718861209964 0.0502008032128514
0 0.07740213523131673 0.4698795180722891 0.03380782918149466 0.048192771084337345
0 0.0693950177935943 0.5230923694779116 0.05693950177935943 0.04216867469879518
0 0.4875444839857651 0.5793172690763052 0.03914590747330961 0.0502008032128514
0 0.5765124555160142 0.5803212851405622 0.03558718861209964 0.056224899598393566
0 0.40213523131672596 0.6656626506024096 0.03914590747330961 0.0502008032128514
0 0.297153024911032 0.6636546184738955 0.0889679715302491 0.05421686746987951
0 0.18861209964412812 0.6686746987951807 0.06761565836298931 0.048192771084337345
0 0.09875444839857651 0.6726907630522088 0.04804270462633452 0.048192771084337345
0 0.11387900355871886 0.717871485943775 0.0498220640569395 0.05421686746987951
0 0.1868327402135231 0.717871485943775 0.03914590747330961 0.04216867469879518
0 0.26601423487544484 0.7148594377510039 0.09430604982206406 0.04417670682730923
0 0.3603202846975089 0.717871485943775 0.04092526690391459 0.0502008032128514
0 0.17615658362989323 0.8353413654618473 0.03202846975088968 0.048192771084337345
0 0.24377224199288255 0.8343373493975903 0.03914590747330961 0.058232931726907626
0 0.3362989323843416 0.8383534136546184 0.03558718861209964 0.04618473895582329
0 0.398576512455516 0.8413654618473895 0.03914590747330961 0.05220883534136546
0 0.3736654804270462 0.9367469879518071 0.046263345195729534 0.05421686746987951
0 0.4653024911032028 0.9387550200803212 0.04448398576512455 0.05421686746987951
0 0.5551601423487544 0.9367469879518071 0.03914590747330961 0.04216867469879518
0 0.3042704626334519 0.9367469879518071 0.03202846975088968 0.0502008032128514
0 0.2286476868327402 0.9367469879518071 0.04448398576512455 0.05421686746987951
0 0.16637010676156583 0.9387550200803212 0.037366548042704624 0.058232931726907626
0 0.07651245551601422 0.8895582329317269 0.03202846975088968 0.05220883534136546
0 0.2197508896797153 0.8935742971887549 0.04092526690391459 0.05220883534136546
2 0.48131672597864766 0.1465863453815261 0.0693950177935943 0.024096385542168672
2 0.40391459074733094 0.14558232931726905 0.0498220640569395 0.022088353413654616
1 0.3211743772241993 0.2038152610441767 0.019572953736654804 0.018072289156626505
1 0.2962633451957295 0.2730923694779116 0.01601423487544484 0.020080321285140562
1 0.41459074733096085 0.5170682730923695 0.014234875444839857 0.022088353413654616
1 0.2918149466192171 0.6616465863453814 0.010676156583629894 0.022088353413654616
1 0.5836298932384342 0.9287148594377509 0.0071174377224199285 0.02610441767068273
1 0.4973309608540925 0.931726907630522 0.012455516014234875 0.024096385542168672
