0 0.2677777777777778 0.21166666666666667 0.05555555555555555 0.060000000000000005
0 0.37222222222222223 0.21750000000000003 0.04666666666666667 0.055
0 0.6011111111111112 0.21666666666666667 0.05555555555555555 0.05666666666666667
0 0.6755555555555556 0.22083333333333335 0.04888888888888889 0.05166666666666667
0 0.6355555555555555 0.27 0.035555555555555556 0.04666666666666667
0 0.7 0.2758333333333334 0.044444444444444446 0.055
0 0.8211111111111111 0.48833333333333334 0.06888888888888889 0.08
0 0.7066666666666667 0.4916666666666667 0.06222222222222222 0.060000000000000005
0 0.7188888888888889 0.5758333333333334 0.05555555555555555 0.06833333333333334
0 0.8222222222222222 0.5425 0.04888888888888889 0.04833333333333334
0 0.78 0.6425000000000001 0.06666666666666667 0.058333333333333334
0 0.4866666666666667 0.5700000000000001 0.06666666666666667 0.060000000000000005
0 0.47444444444444445 0.49000000000000005 0.06 0.05666666666666667
0 0.3622222222222222 0.49250000000000005 0.07111111111111111 0.07833333333333334
0 0.2611111111111111 0.5 0.04666666666666667 0.06666666666666667
0 0.35777777777777775 0.2758333333333334 0.04888888888888889 0.04833333333333334
0 0.41888888888888887 0.28 0.05555555555555555 0.05
0 0.3466666666666667 0.5541666666666667 0.04 0.055
0 0.2611111111111111 0.5766666666666667 0.042222222222222223 0.05666666666666667
0 0.2777777777777778 0.6616666666666667 0.05333333333333333 0.06333333333333334
0 0.3788888888888889 0.655 0.06888888888888889 0.060000000000000005
2 0.8255555555555556 0.5758333333333334 0.07777777777777778 0.028333333333333335
2 0.7211111111111111 0.65 0.06888888888888889 0.023333333333333334
2 0.24 0.67 0.05333333333333333 0.016666666666666666
