0 0.2229087452471483 0.24957698815566834 0.05418250950570342 0.07614213197969542
0 0.3379277566539924 0.23434856175972926 0.04467680608365019 0.0829103214890017
0 0.4301330798479087 0.24450084602368866 0.03326996197718631 0.04568527918781726
0 0.5190114068441065 0.1742808798646362 0.039923954372623575 0.07106598984771573
0 0.4919201520912547 0.32656514382402707 0.0370722433460076 0.06091370558375634
0 0.40399239543726234 0.3426395939086294 0.03612167300380228 0.06260575296108291
0 0.3198669201520912 0.37478849407783416 0.04467680608365019 0.0727580372250423
0 0.2352661596958175 0.3790186125211506 0.03517110266159696 0.077834179357022
0 0.25332699619771865 0.5642978003384095 0.03897338403041825 0.09983079526226735
0 0.3845057034220532 0.5676818950930625 0.0408745247148289 0.09983079526226735
2 0.4230038022813688 0.21235194585448391 0.045627376425855515 0.025380710659898477
2 0.5218631178707225 0.20389170896785108 0.055133079847908745 0.028764805414551606
2 0.33840304182509506 0.23604060913705582 0.03612167300380228 0.018612521150592216
2 0.3987642585551331 0.36040609137055835 0.04277566539923954 0.02030456852791878
2 0.4866920152091255 0.35109983079526225 0.045627376425855515 0.028764805414551606
2 0.35361216730038025 0.5583756345177665 0.04182509505703422 0.03045685279187817
