0 0.1516304347826087 0.23958333333333334 0.0641304347826087 0.06372549019607843
0 0.2777173913043478 0.2417279411764706 0.05543478260869565 0.05698529411764706
0 0.4826086956521739 0.23713235294117646 0.06956521739130435 0.05024509803921569
0 0.5206521739130435 0.3082107843137255 0.04565217391304348 0.058823529411764705
0 0.278804347826087 0.3118872549019608 0.05326086956521739 0.051470588235294115
0 0.17119565217391305 0.3091299019607843 0.06630434782608696 0.05943627450980392
0 0.19619565217391305 0.38143382352941174 0.05326086956521739 0.04718137254901961
0 0.21739130434782608 0.4696691176470588 0.0891304347826087 0.05821078431372549
0 0.44619565217391305 0.46721813725490197 0.1141304347826087 0.0508578431372549
0 0.5994565217391304 0.46660539215686275 0.075 0.06801470588235294
0 0.6782608695652174 0.5422794117647058 0.08478260869565217 0.06004901960784314
0 0.5255434782608696 0.5441176470588235 0.09021739130434783 0.05514705882352941
0 0.27119565217391306 0.5453431372549019 0.07717391304347826 0.05392156862745098
0 0.2016304347826087 0.6102941176470588 0.09456521739130434 0.049019607843137254
0 0.2842391304347826 0.6865808823529411 0.09021739130434783 0.06433823529411764
1 0.22880434782608697 0.6749387254901961 0.042391304347826085 0.02144607843137255
1 0.4271739130434783 0.5934436274509803 0.03260869565217391 0.02267156862745098
3 0.24021739130434783 0.4586397058823529 0.02826086956521739 0.015318627450980392
3 0.43478260869565216 0.4641544117647059 0.026086956521739132 0.017769607843137254
2 0.6771739130434783 0.5431985294117647 0.05 0.016544117647058824
2 0.14076086956521738 0.539828431372549 0.057608695652173914 0.013480392156862746
