0 0.1574074074074074 0.37777777777777777 0.08518518518518518 0.21234567901234566
0 0.42129629629629634 0.36604938271604937 0.1425925925925926 0.11234567901234567
0 0.6666666666666667 0.41604938271604935 0.11481481481481481 0.0962962962962963
0 0.8171296296296297 0.6024691358024691 0.2138888888888889 0.10123456790123457
0 0.4935185185185185 0.5987654320987654 0.14814814814814814 0.18271604938271604
0 0.1912037037037037 0.582716049382716 0.14166666666666666 0.08641975308641975
0 0.23842592592592593 0.782716049382716 0.2564814814814815 0.1259259259259259
3 0.48240740740740745 0.3475308641975309 0.022222222222222223 0.03827160493827161
2 0.4842592592592593 0.604320987654321 0.04259259259259259 0.025925925925925925
1 0.7949074074074074 0.5950617283950617 0.025 0.037037037037037035
1 0.9009259259259259 0.5932098765432099 0.02592592592592593 0.03333333333333333
2 0.16712962962962963 0.38395061728395063 0.04537037037037037 0.024691358024691357
3 0.16435185185185186 0.7722222222222223 0.019444444444444445 0.03827160493827161
1 0.27314814814814814 0.7716049382716049 0.02962962962962963 0.05185185185185185
