0 0.26505139500734215 0.054919908466819226 0.10425844346549192 0.07780320366132723
0 0.2966226138032305 0.059496567505720827 0.02936857562408223 0.05034324942791762
0 0.38619676945668135 0.05835240274599542 0.1027900146842878 0.08009153318077804
0 0.41703377386196766 0.059496567505720827 0.032305433186490456 0.054919908466819226
0 0.2533039647577092 0.16933638443935928 0.11013215859030837 0.08237986270022883
0 0.2790014684287812 0.16933638443935928 0.02936857562408223 0.054919908466819226
0 0.4045521292217327 0.16933638443935928 0.03083700440528634 0.05034324942791762
0 0.37371512481644636 0.17162471395881007 0.11013215859030837 0.08237986270022883
0 0.5521292217327459 0.16590389016018306 0.21145374449339205 0.08466819221967964
0 0.5690161527165932 0.16590389016018306 0.02790014684287812 0.05263157894736842
0 0.6277533039647577 0.17162471395881007 0.04552129221732746 0.059496567505720827
0 0.7812041116005873 0.16361556064073227 0.2055800293685756 0.09382151029748284
0 0.8516886930983847 0.16933638443935928 0.032305433186490456 0.06407322654462243
0 0.7936857562408223 0.16704805491990846 0.03671071953010279 0.05034324942791762
0 0.11306901615271658 0.31922196796338675 0.13215859030837004 0.10297482837528604
0 0.26284875183553597 0.3157894736842105 0.12334801762114536 0.10526315789473684
0 0.14684287812041116 0.32265446224256294 0.035242290748898675 0.06864988558352403
0 0.28267254038179146 0.3180778032036613 0.033773861967694566 0.054919908466819226
0 0.40381791483113066 0.32036613272311215 0.041116005873715125 0.059496567505720827
0 0.4897209985315712 0.31922196796338675 0.02790014684287812 0.06178489702517163
0 0.540381791483113 0.45080091533180777 0.2731277533039647 0.12356979405034325
0 0.6380323054331865 0.45080091533180777 0.03083700440528634 0.05034324942791762
0 0.606461086637298 0.4496567505720824 0.10572687224669602 0.07551487414187644
0 0.5139500734214391 0.4496567505720824 0.02936857562408223 0.043478260869565216
0 0.4853157121879589 0.45080091533180777 0.11013215859030837 0.07780320366132723
0 0.3641703377386197 0.4496567505720824 0.0381791483113069 0.04805491990846682
0 0.32599118942731276 0.448512585812357 0.10572687224669602 0.07780320366132723
0 0.2342143906020558 0.45308924485125857 0.03671071953010279 0.054919908466819226
0 0.2055800293685756 0.45537757437070936 0.10866372980910426 0.09153318077803203
0 0.2055800293685756 0.5835240274599542 0.29955947136563876 0.09610983981693363
0 0.33480176211453744 0.5915331807780321 0.02936857562408223 0.05263157894736842
0 0.30249632892804695 0.585812356979405 0.09397944199706314 0.06864988558352403
0 0.22320117474302495 0.5892448512585813 0.02936857562408223 0.05263157894736842
0 0.1908957415565345 0.585812356979405 0.1027900146842878 0.06407322654462243
0 0.41923641703377384 0.5926773455377574 0.08076358296622613 0.06864988558352403
0 0.36563876651982374 0.6853546910755148 0.06461086637298091 0.06636155606407322
0 0.29295154185022027 0.6864988558352403 0.033773861967694566 0.06407322654462243
0 0.2540381791483113 0.7883295194508009 0.035242290748898675 0.057208237986270026
0 0.3267254038179148 0.7871853546910755 0.06607929515418502 0.06864988558352403
0 0.3531571218795888 0.9244851258581236 0.1776798825256975 0.10526315789473684
0 0.5484581497797356 0.9302059496567505 0.16886930983847281 0.10297482837528604
0 0.7790014684287812 0.9221967963386728 0.2511013215859031 0.15102974828375287
0 0.13876651982378854 0.9279176201372997 0.03671071953010279 0.06636155606407322
0 0.20998531571218795 0.9256292906178489 0.06461086637298091 0.07551487414187644
0 0.3142437591776799 0.9279176201372997 0.02936857562408223 0.057208237986270026
0 0.38619676945668135 0.9244851258581236 0.06461086637298091 0.059496567505720827
0 0.5807635829662261 0.9324942791762014 0.1013215859030837 0.07093821510297482
0 0.8017621145374448 0.9256292906178489 0.16152716593245225 0.12585812356979406
1 0.671071953010279 0.41647597254004576 0.014684287812041116 0.02288329519450801
1 0.8722466960352423 0.14645308924485126 0.017621145374449337 0.027459954233409613
1 0.6424375917767988 0.14874141876430205 0.013215859030837003 0.027459954233409613
1 0.48384728340675476 0.15903890160183065 0.013215859030837003 0.029748283752860413
1 0.8362701908957415 0.8890160183066361 0.010279001468428781 0.02517162471395881
1 0.4287812041116006 0.9038901601830663 0.014684287812041116 0.032036613272311214
1 0.3105726872246696 0.2929061784897025 0.013215859030837003 0.02288329519450801
1 0.16740088105726872 0.2940503432494279 0.014684287812041116 0.029748283752860413
2 0.8729809104258442 0.9347826086956522 0.016152716593245228 0.016018306636155607
2 0.8091042584434655 0.9336384439359268 0.020558002936857563 0.018306636155606407
