0 0.09074074074074075 0.3993827160493827 0.05555555555555556 0.09012345679012346
0 0.21203703703703705 0.4012345679012346 0.07407407407407407 0.08888888888888889
0 0.4134259259259259 0.3969135802469136 0.062037037037037036 0.09506172839506173
0 0.5273148148148148 0.4012345679012346 0.08055555555555556 0.11604938271604938
0 0.7291666666666667 0.4006172839506173 0.058333333333333334 0.09506172839506173
0 0.8439814814814816 0.4024691358024691 0.07314814814814816 0.18271604938271604
0 0.912962962962963 0.6191358024691358 0.06296296296296297 0.2037037037037037
0 0.7828703703703704 0.615432098765432 0.06574074074074074 0.10740740740740741
0 0.5694444444444444 0.6098765432098765 0.06851851851851852 0.08641975308641975
0 0.4444444444444445 0.6061728395061728 0.06851851851851852 0.08888888888888889
0 0.47361111111111115 0.8333333333333334 0.07314814814814816 0.19999999999999998
0 0.5916666666666667 0.8395061728395061 0.06851851851851852 0.2345679012345679
0 0.2564814814814815 0.8302469135802469 0.1388888888888889 0.11234567901234567
0 0.10601851851851853 0.825925925925926 0.062037037037037036 0.1925925925925926
0 0.1 0.6092592592592593 0.05740740740740741 0.09259259259259259
0 0.23842592592592593 0.6049382716049383 0.11944444444444445 0.11604938271604938
2 0.85 0.4141975308641975 0.0462962962962963 0.025925925925925925
2 0.9199074074074074 0.6277777777777778 0.05092592592592593 0.028395061728395062
2 0.6 0.8395061728395061 0.05 0.03209876543209877
2 0.48240740740740745 0.8395061728395061 0.05185185185185186 0.027160493827160494
3 0.2976851851851852 0.8067901234567901 0.028703703703703703 0.03827160493827161
2 0.11157407407407408 0.841358024691358 0.04722222222222222 0.028395061728395062
3 0.5532407407407408 0.38641975308641974 0.021296296296296296 0.044444444444444446
