0 0.13 0.046511627906976744 0.03777777777777778 0.046511627906976744
0 0.19666666666666666 0.05 0.05555555555555555 0.044186046511627906
0 0.2611111111111111 0.04767441860465116 0.03777777777777778 0.053488372093023255
0 0.3333333333333333 0.04883720930232558 0.04 0.04186046511627907
0 0.32 0.2116279069767442 0.04 0.07441860465116279
0 0.2388888888888889 0.2127906976744186 0.04666666666666667 0.04883720930232558
0 0.13444444444444445 0.2372093023255814 0.03777777777777778 0.037209302325581395
0 0.6022222222222222 0.23255813953488372 0.04888888888888889 0.04186046511627907
0 0.69 0.23255813953488372 0.04666666666666667 0.05116279069767442
0 0.7811111111111111 0.23488372093023255 0.04666666666666667 0.04186046511627907
0 0.8511111111111112 0.23255813953488372 0.044444444444444446 0.046511627906976744
0 0.8122222222222222 0.4011627906976744 0.12222222222222222 0.08139534883720931
0 0.6588888888888889 0.4011627906976744 0.13111111111111112 0.09069767441860466
0 0.3888888888888889 0.3953488372093023 0.08 0.046511627906976744
0 0.2788888888888889 0.3988372093023256 0.08666666666666667 0.04883720930232558
0 0.13555555555555557 0.5709302325581396 0.035555555555555556 0.03488372093023256
0 0.23555555555555555 0.5767441860465117 0.1288888888888889 0.046511627906976744
0 0.6688888888888889 0.5720930232558139 0.035555555555555556 0.037209302325581395
0 0.7377777777777778 0.5720930232558139 0.04 0.04186046511627907
0 0.7822222222222223 0.5720930232558139 0.03111111111111111 0.03255813953488372
0 0.7366666666666667 0.7406976744186047 0.07333333333333333 0.044186046511627906
0 0.83 0.75 0.07333333333333333 0.04883720930232558
0 0.3188888888888889 0.7430232558139535 0.051111111111111114 0.044186046511627906
0 0.21888888888888888 0.7441860465116279 0.042222222222222223 0.04186046511627907
0 0.14888888888888888 0.7465116279069768 0.057777777777777775 0.07906976744186046
0 0.18555555555555556 0.9116279069767441 0.04666666666666667 0.046511627906976744
0 0.17666666666666667 0.9511627906976744 0.042222222222222223 0.037209302325581395
0 0.7522222222222222 0.9302325581395349 0.13111111111111112 0.07906976744186046
0 0.6533333333333333 0.7453488372093023 0.06666666666666667 0.04883720930232558
2 0.76 0.031395348837209305 0.026666666666666665 0.020930232558139535
2 0.8366666666666667 0.03604651162790698 0.024444444444444446 0.020930232558139535
2 0.1511111111111111 0.21511627906976744 0.08444444444444445 0.030232558139534883
2 0.3244444444444444 0.21627906976744185 0.04 0.013953488372093023
2 0.6177777777777778 0.4046511627906977 0.04 0.018604651162790697
2 0.6688888888888889 0.40348837209302324 0.022222222222222223 0.01627906976744186
2 0.7755555555555556 0.40581395348837207 0.035555555555555556 0.020930232558139535
2 0.8211111111111111 0.40232558139534885 0.03333333333333333 0.009302325581395349
2 0.4622222222222222 0.4069767441860465 0.026666666666666665 0.018604651162790697
2 0.1622222222222222 0.7465116279069768 0.03111111111111111 0.013953488372093023
2 0.7555555555555555 0.9302325581395349 0.13333333333333333 0.013953488372093023
2 0.17333333333333334 0.9372093023255814 0.08444444444444445 0.023255813953488372
