0 0.2648809523809524 0.14250000000000002 0.27976190476190477 0.125
0 0.27976190476190477 0.3 0.25 0.12
0 0.3630952380952381 0.4575 0.23809523809523808 0.115
0 0.8422619047619048 0.4525 0.23214285714285712 0.125
0 0.8363095238095237 0.615 0.25595238095238093 0.13
0 0.3601190476190476 0.61 0.24404761904761904 0.11
0 0.4375 0.765 0.38690476190476186 0.12
2 0.28869047619047616 0.2175 0.3273809523809524 0.035
2 0.5892857142857143 0.54 0.7738095238095237 0.05
2 0.3988095238095238 0.85 0.34523809523809523 0.04
