0 0.11388888888888889 0.06604938271604938 0.1 0.08765432098765431
0 0.09583333333333334 0.15864197530864196 0.049074074074074076 0.04074074074074074
0 0.28935185185185186 0.1654320987654321 0.05092592592592593 0.046913580246913576
0 0.4638888888888889 0.1648148148148148 0.03333333333333333 0.043209876543209874
0 0.5907407407407408 0.16604938271604938 0.03518518518518519 0.050617283950617285
0 0.2662037037037037 0.28641975308641976 0.04166666666666667 0.046913580246913576
0 0.1462962962962963 0.26358024691358023 0.037037037037037035 0.050617283950617285
0 0.07407407407407407 0.45987654320987653 0.040740740740740744 0.06296296296296296
0 0.16527777777777777 0.46296296296296297 0.04166666666666667 0.04938271604938271
0 0.2833333333333333 0.45987654320987653 0.02777777777777778 0.04814814814814815
0 0.3592592592592593 0.46296296296296297 0.05925925925925926 0.05432098765432099
0 0.5185185185185185 0.4580246913580247 0.031481481481481485 0.044444444444444446
0 0.6472222222222223 0.4882716049382716 0.02592592592592593 0.050617283950617285
0 0.7398148148148148 0.4604938271604938 0.05740740740740741 0.04938271604938271
0 0.9291666666666667 0.45925925925925926 0.028703703703703703 0.05185185185185185
0 0.8490740740740741 0.4882716049382716 0.02777777777777778 0.04074074074074074
0 0.18842592592592594 0.5802469135802469 0.03796296296296296 0.05925925925925926
0 0.08333333333333334 0.6055555555555555 0.03333333333333333 0.03827160493827161
0 0.12222222222222223 0.7475308641975309 0.03518518518518519 0.09259259259259259
0 0.43842592592592594 0.7234567901234568 0.05462962962962963 0.056790123456790124
0 0.7240740740740741 0.7475308641975309 0.1277777777777778 0.1345679012345679
0 0.9342592592592593 0.7567901234567901 0.06666666666666667 0.12345679012345678
0 0.5587962962962963 0.8629629629629629 0.028703703703703703 0.07901234567901234
0 0.6587962962962963 0.8648148148148148 0.075 0.07777777777777778
0 0.7597222222222223 0.8666666666666667 0.032407407407407406 0.08395061728395062
0 0.45555555555555555 0.8691358024691358 0.07407407407407407 0.09382716049382715
0 0.3662037037037037 0.869753086419753 0.03425925925925926 0.09506172839506173
0 0.2601851851851852 0.8641975308641975 0.07037037037037037 0.08641975308641975
2 0.10185185185185186 0.07469135802469136 0.022222222222222223 0.016049382716049384
2 0.14583333333333334 0.0734567901234568 0.025 0.018518518518518517
2 0.05740740740740741 0.1691358024691358 0.02592592592592593 0.01728395061728395
2 0.05740740740740741 0.5864197530864197 0.08888888888888889 0.02962962962962963
2 0.7481481481481482 0.7623456790123456 0.06666666666666667 0.023456790123456788
2 0.9365740740740741 0.7611111111111111 0.06574074074074074 0.018518518518518517
2 0.762962962962963 0.8703703703703703 0.02592592592592593 0.014814814814814815
2 0.6805555555555556 0.869753086419753 0.018518518518518517 0.018518518518518517
2 0.5625 0.8679012345679012 0.026851851851851852 0.012345679012345678
2 0.28564814814814815 0.8666666666666667 0.02314814814814815 0.01728395061728395
2 0.12407407407407407 0.7506172839506172 0.031481481481481485 0.014814814814814815
2 0.8467592592592593 0.46543209876543207 0.04351851851851852 0.019753086419753086
2 0.6421296296296296 0.46358024691358024 0.05277777777777778 0.016049382716049384
1 0.5481481481481482 0.445679012345679 0.014814814814814815 0.02962962962962963
3 0.09305555555555556 0.4537037037037037 0.015740740740740743 0.025925925925925925
2 0.2828703703703704 0.26481481481481484 0.08425925925925926 0.018518518518518517
