0 0.2568359375 0.09244791666666666 0.03515625 0.04427083333333333
0 0.3212890625 0.09700520833333333 0.041015625 0.04296875
0 0.625 0.087890625 0.033203125 0.045572916666666664
0 0.765625 0.08268229166666666 0.072265625 0.053385416666666664
0 0.7568359375 0.14192708333333331 0.05078125 0.03125
0 0.6328125 0.13020833333333331 0.033203125 0.0390625
0 0.64013671875 0.19661458333333331 0.0498046875 0.057291666666666664
0 0.36376953125 0.14322916666666666 0.0322265625 0.049479166666666664
0 0.26904296875 0.14583333333333331 0.0361328125 0.05208333333333333
0 0.2734375 0.314453125 0.091796875 0.05859375
0 0.36669921875 0.3203125 0.0576171875 0.049479166666666664
0 0.62451171875 0.32486979166666663 0.0263671875 0.04817708333333333
0 0.72509765625 0.3274739583333333 0.0439453125 0.08984375
0 0.75732421875 0.4114583333333333 0.0595703125 0.07552083333333333
0 0.74462890625 0.47265625 0.0361328125 0.05989583333333333
0 0.638671875 0.46158854166666663 0.04296875 0.05078125
0 0.64501953125 0.396484375 0.0458984375 0.05859375
0 0.31591796875 0.39518229166666663 0.1162109375 0.10286458333333333
0 0.29833984375 0.48893229166666663 0.0830078125 0.07421875
0 0.2421875 0.6256510416666666 0.056640625 0.11067708333333333
0 0.322265625 0.6236979166666666 0.052734375 0.10677083333333333
0 0.40283203125 0.625 0.0576171875 0.109375
0 0.6953125 0.6087239583333333 0.052734375 0.053385416666666664
0 0.77685546875 0.611328125 0.0439453125 0.10286458333333333
0 0.87158203125 0.6080729166666666 0.0537109375 0.11458333333333333
0 0.9365234375 0.6588541666666666 0.048828125 0.0546875
0 0.9482421875 0.7180989583333333 0.041015625 0.053385416666666664
0 0.81396484375 0.6588541666666666 0.0361328125 0.049479166666666664
0 0.82373046875 0.7220052083333333 0.0341796875 0.05859375
0 0.7001953125 0.6803385416666666 0.0546875 0.06380208333333333
0 0.73828125 0.7649739583333333 0.080078125 0.05859375
0 0.48388671875 0.7434895833333333 0.0732421875 0.09895833333333333
0 0.37060546875 0.7428385416666666 0.0771484375 0.10546875
0 0.2431640625 0.7389322916666666 0.072265625 0.10546875
0 0.26416015625 0.8528645833333333 0.0791015625 0.10677083333333333
0 0.4111328125 0.8483072916666666 0.08984375 0.11067708333333333
1 0.2880859375 0.310546875 0.009765625 0.022135416666666664
1 0.66064453125 0.6015625 0.0166015625 0.03125
1 0.65478515625 0.6712239583333333 0.0205078125 0.029947916666666664
1 0.69287109375 0.7467447916666666 0.0322265625 0.03515625
1 0.38427734375 0.7467447916666666 0.0498046875 0.022135416666666664
1 0.48876953125 0.748046875 0.0478515625 0.03255208333333333
2 0.7138671875 0.798828125 0.173828125 0.037760416666666664
2 0.7548828125 0.115234375 0.119140625 0.01953125
2 0.80810546875 0.6888020833333333 0.0732421875 0.0234375
2 0.25390625 0.75 0.041015625 0.018229166666666664
2 0.31884765625 0.39908854166666663 0.0908203125 0.02734375
2 0.93359375 0.6901041666666666 0.107421875 0.03125
1 0.32275390625 0.3704427083333333 0.0146484375 0.022135416666666664
2 0.3408203125 0.6276041666666666 0.017578125 0.015625
2 0.4169921875 0.6263020833333333 0.02734375 0.018229166666666664
2 0.78173828125 0.611328125 0.0322265625 0.016927083333333332
2 0.873046875 0.611328125 0.02734375 0.01171875
2 0.2548828125 0.62890625 0.01953125 0.018229166666666664
2 0.7705078125 0.41666666666666663 0.03125 0.018229166666666664
