0 0.4147465437788018 0.10666666666666667 0.23963133640552994 0.08
0 0.4815668202764977 0.11333333333333334 0.06912442396313365 0.05333333333333334
0 0.8917050691244239 0.115 0.059907834101382486 0.05
0 0.8179723502304147 0.11166666666666668 0.22580645161290322 0.08333333333333334
0 0.9400921658986175 0.19 0.04608294930875576 0.04666666666666667
0 0.8617511520737328 0.19 0.22119815668202764 0.07333333333333333
0 0.5967741935483871 0.18666666666666668 0.06912442396313365 0.05333333333333334
0 0.45852534562211983 0.19 0.41013824884792627 0.08666666666666667
0 0.5046082949308756 0.18666666666666668 0.22580645161290322 0.060000000000000005
0 0.4930875576036866 0.2916666666666667 0.3778801843317972 0.07
0 0.6129032258064516 0.2916666666666667 0.06451612903225806 0.05666666666666667
0 0.5138248847926268 0.3616666666666667 0.041474654377880185 0.05
0 0.4470046082949309 0.3666666666666667 0.2857142857142857 0.07333333333333333
0 0.4700460829493088 0.43500000000000005 0.06451612903225806 0.043333333333333335
0 0.41935483870967744 0.4366666666666667 0.2304147465437788 0.06666666666666667
0 0.3847926267281106 0.5033333333333334 0.059907834101382486 0.04666666666666667
0 0.41935483870967744 0.5083333333333334 0.2304147465437788 0.07
0 0.35944700460829493 0.5700000000000001 0.05529953917050691 0.04666666666666667
0 0.3387096774193548 0.6366666666666667 0.07834101382488479 0.04666666666666667
0 0.2672811059907834 0.7000000000000001 0.2304147465437788 0.060000000000000005
0 0.3064516129032258 0.7783333333333334 0.2995391705069124 0.07
0 0.195852534562212 0.8716666666666667 0.1152073732718894 0.05666666666666667
0 0.3248847926267281 0.8683333333333334 0.06912442396313365 0.06333333333333334
0 0.35944700460829493 0.9650000000000001 0.08294930875576037 0.05666666666666667
0 0.4815668202764977 0.9666666666666667 0.06912442396313365 0.05333333333333334
1 0.1152073732718894 0.10333333333333335 0.03686635944700461 0.04
1 0.10829493087557604 0.28 0.02304147465437788 0.02
