0 0.1800925925925926 0.10864197530864197 0.062037037037037036 0.06666666666666667
0 0.300462962962963 0.13703703703703704 0.058333333333333334 0.1308641975308642
0 0.6333333333333333 0.13148148148148148 0.061111111111111116 0.14444444444444443
0 0.7587962962962963 0.09259259259259259 0.04722222222222222 0.07654320987654321
0 0.7662037037037037 0.17098765432098764 0.07314814814814816 0.07037037037037037
0 0.687962962962963 0.2697530864197531 0.053703703703703705 0.0654320987654321
0 0.687962962962963 0.3333333333333333 0.053703703703703705 0.06419753086419754
0 0.5162037037037037 0.2691358024691358 0.049074074074074076 0.05925925925925926
0 0.5023148148148149 0.3419753086419753 0.05277777777777778 0.06666666666666667
0 0.3388888888888889 0.3388888888888889 0.0462962962962963 0.053086419753086415
0 0.3375 0.27037037037037037 0.04351851851851852 0.05925925925925926
0 0.2847222222222222 0.4524691358024691 0.04351851851851852 0.11728395061728394
0 0.3851851851851852 0.4493827160493827 0.07407407407407407 0.10864197530864197
0 0.4930555555555556 0.4537037037037037 0.05092592592592593 0.10493827160493827
0 0.5787037037037037 0.42345679012345677 0.0462962962962963 0.05185185185185185
0 0.5791666666666667 0.4808641975308642 0.04166666666666667 0.04814814814814815
0 0.6648148148148149 0.42345679012345677 0.0462962962962963 0.05925925925925926
0 0.2152777777777778 0.42160493827160495 0.03796296296296296 0.04814814814814815
0 0.2175925925925926 0.48148148148148145 0.03518518518518519 0.05925925925925926
0 0.22222222222222224 0.558641975308642 0.02962962962962963 0.05555555555555555
0 0.30092592592592593 0.5635802469135802 0.037037037037037035 0.053086419753086415
0 0.36712962962962964 0.5623456790123457 0.04166666666666667 0.050617283950617285
0 0.4310185185185185 0.571604938271605 0.04166666666666667 0.04938271604938271
0 0.3648148148148148 0.6216049382716049 0.03518518518518519 0.053086419753086415
0 0.29953703703703705 0.6222222222222222 0.036111111111111115 0.05432098765432099
0 0.2212962962962963 0.6234567901234568 0.04259259259259259 0.05185185185185185
0 0.14907407407407408 0.6932098765432099 0.040740740740740744 0.050617283950617285
0 0.24212962962962964 0.6981481481481482 0.032407407407407406 0.050617283950617285
0 0.3148148148148148 0.6981481481481482 0.03888888888888889 0.05802469135802469
0 0.37824074074074077 0.6969135802469135 0.03425925925925926 0.050617283950617285
0 0.45833333333333337 0.6981481481481482 0.037037037037037035 0.05555555555555555
0 0.38287037037037036 0.7611111111111111 0.036111111111111115 0.050617283950617285
0 0.3138888888888889 0.7592592592592592 0.040740740740740744 0.05432098765432099
0 0.24027777777777778 0.7617283950617284 0.032407407407407406 0.056790123456790124
0 0.13935185185185187 0.7592592592592592 0.05277777777777778 0.05185185185185185
0 0.13240740740740742 0.8290123456790123 0.044444444444444446 0.050617283950617285
0 0.2162037037037037 0.8333333333333334 0.036111111111111115 0.04938271604938271
0 0.2833333333333333 0.8308641975308642 0.053703703703703705 0.04938271604938271
0 0.3925925925925926 0.8296296296296296 0.04259259259259259 0.05185185185185185
0 0.48379629629629634 0.8320987654320987 0.049074074074074076 0.05185185185185185
0 0.2976851851851852 0.8919753086419753 0.05462962962962963 0.04567901234567901
0 0.21666666666666667 0.8925925925925926 0.05185185185185186 0.04938271604938271
0 0.12824074074074074 0.8932098765432098 0.05462962962962963 0.04567901234567901
2 0.33333333333333337 0.31049382716049384 0.061111111111111116 0.025925925925925925
2 0.5050925925925926 0.30493827160493825 0.0787037037037037 0.024691358024691357
2 0.6888888888888889 0.30925925925925923 0.08148148148148149 0.016049382716049384
2 0.7643518518518518 0.14012345679012345 0.09537037037037037 0.04074074074074074
2 0.6435185185185185 0.14320987654320988 0.0462962962962963 0.019753086419753086
2 0.3074074074074074 0.1469135802469136 0.04259259259259259 0.024691358024691357
2 0.1712962962962963 0.14506172839506173 0.0925925925925926 0.023456790123456788
2 0.21203703703703705 0.4561728395061728 0.05 0.023456790123456788
2 0.38981481481481484 0.45555555555555555 0.06666666666666667 0.01728395061728395
2 0.4990740740740741 0.45493827160493827 0.037037037037037035 0.016049382716049384
2 0.5773148148148148 0.45555555555555555 0.058333333333333334 0.019753086419753086
2 0.6611111111111111 0.454320987654321 0.05925925925925926 0.019753086419753086
2 0.4324074074074074 0.6061728395061728 0.05555555555555556 0.019753086419753086
2 0.3263888888888889 0.5981481481481481 0.11388888888888889 0.025925925925925925
2 0.3472222222222222 0.7358024691358025 0.12222222222222223 0.03209876543209877
2 0.4550925925925926 0.7339506172839506 0.04537037037037037 0.020987654320987655
2 0.225 0.5969135802469135 0.053703703703703705 0.023456790123456788
2 0.13101851851851853 0.8679012345679012 0.06759259259259259 0.024691358024691357
2 0.2550925925925926 0.8679012345679012 0.14166666666666666 0.027160493827160494
2 0.3842592592592593 0.8672839506172839 0.061111111111111116 0.023456790123456788
2 0.4703703703703704 0.8679012345679012 0.06666666666666667 0.014814814814814815
2 0.14027777777777778 0.7345679012345678 0.0638888888888889 0.014814814814814815
2 0.22824074074074074 0.7358024691358025 0.06759259259259259 0.022222222222222223
