0 0.2607421875 0.08919270833333333 0.033203125 0.04296875
0 0.3232421875 0.09440104166666666 0.041015625 0.04036458333333333
0 0.6240234375 0.091796875 0.03515625 0.04296875
0 0.76513671875 0.083984375 0.0693359375 0.05078125
0 0.7548828125 0.13997395833333331 0.052734375 0.03515625
0 0.640625 0.193359375 0.05078125 0.061197916666666664
0 0.3681640625 0.14583333333333331 0.037109375 0.049479166666666664
0 0.6298828125 0.13020833333333331 0.033203125 0.033854166666666664
0 0.2724609375 0.14453125 0.0390625 0.041666666666666664
2 0.61669921875 0.11263020833333333 0.0595703125 0.016927083333333332
2 0.7490234375 0.11588541666666666 0.109375 0.020833333333333332
2 0.23828125 0.22395833333333331 0.0390625 0.020833333333333332
0 0.2724609375 0.31510416666666663 0.091796875 0.0546875
1 0.291015625 0.3125 0.013671875 0.026041666666666664
0 0.37158203125 0.3235677083333333 0.0556640625 0.05078125
0 0.6259765625 0.32291666666666663 0.029296875 0.04427083333333333
0 0.72412109375 0.32486979166666663 0.0458984375 0.08984375
2 0.73974609375 0.3352864583333333 0.0224609375 0.01953125
0 0.642578125 0.3958333333333333 0.048828125 0.05989583333333333
0 0.7607421875 0.4173177083333333 0.05859375 0.09765625
2 0.77099609375 0.4173177083333333 0.0341796875 0.024739583333333332
0 0.6357421875 0.46549479166666663 0.052734375 0.05859375
0 0.31298828125 0.400390625 0.1240234375 0.10026041666666666
2 0.32177734375 0.40234375 0.0927734375 0.026041666666666664
1 0.3203125 0.375 0.017578125 0.026041666666666664
0 0.29931640625 0.4876302083333333 0.0830078125 0.06901041666666666
0 0.23876953125 0.6236979166666666 0.0556640625 0.11197916666666666
0 0.326171875 0.6243489583333333 0.064453125 0.11328125
0 0.40576171875 0.626953125 0.0517578125 0.12109375
0 0.6923828125 0.609375 0.041015625 0.0625
0 0.77734375 0.603515625 0.044921875 0.10546875
0 0.869140625 0.6080729166666666 0.048828125 0.1171875
0 0.93896484375 0.66015625 0.0517578125 0.0546875
0 0.94921875 0.7180989583333333 0.037109375 0.04296875
0 0.814453125 0.6647135416666666 0.037109375 0.04296875
0 0.826171875 0.71875 0.037109375 0.057291666666666664
0 0.74072265625 0.763671875 0.0751953125 0.05598958333333333
0 0.482421875 0.7454427083333333 0.076171875 0.11067708333333333
0 0.3642578125 0.744140625 0.07421875 0.11588541666666666
0 0.24609375 0.7408854166666666 0.08203125 0.109375
0 0.26318359375 0.8541666666666666 0.0888671875 0.10677083333333333
0 0.412109375 0.8489583333333333 0.08984375 0.09895833333333333
2 0.62353515625 0.5397135416666666 0.0400390625 0.022135416666666664
2 0.25634765625 0.6315104166666666 0.0244140625 0.018229166666666664
2 0.3388671875 0.6276041666666666 0.01953125 0.020833333333333332
2 0.4150390625 0.626953125 0.01953125 0.016927083333333332
2 0.7841796875 0.6158854166666666 0.0234375 0.015625
2 0.87451171875 0.6126302083333333 0.0224609375 0.01953125
2 0.93212890625 0.6868489583333333 0.0888671875 0.02734375
2 0.80810546875 0.69140625 0.0791015625 0.0234375
2 0.70849609375 0.80078125 0.1728515625 0.026041666666666664
2 0.41259765625 0.853515625 0.0400390625 0.024739583333333332
2 0.48876953125 0.748046875 0.0380859375 0.014322916666666666
2 0.38134765625 0.75 0.0419921875 0.020833333333333332
2 0.2548828125 0.7506510416666666 0.044921875 0.029947916666666664
2 0.27783203125 0.8639322916666666 0.0576171875 0.01953125
1 0.6630859375 0.6009114583333333 0.015625 0.029947916666666664
1 0.68896484375 0.7428385416666666 0.0185546875 0.03515625
