0 0.2056179775280899 0.11166666666666668 0.09213483146067417 0.07
0 0.349438202247191 0.10500000000000001 0.10561797752808989 0.04666666666666667
0 0.5067415730337079 0.10500000000000001 0.11910112359550563 0.07666666666666667
0 0.36853932584269666 0.22 0.39550561797752815 0.13
0 0.3404494382022472 0.35000000000000003 0.3258426966292135 0.09666666666666668
0 0.23258426966292137 0.4425 0.08764044943820226 0.05166666666666667
0 0.36853932584269666 0.5341666666666667 0.08988764044943821 0.06166666666666667
0 0.5314606741573035 0.5166666666666667 0.11460674157303372 0.1
0 0.7337078651685394 0.5033333333333334 0.09213483146067417 0.10666666666666667
0 0.7112359550561799 0.6208333333333333 0.08314606741573034 0.095
0 0.8224719101123596 0.6158333333333333 0.08089887640449439 0.08833333333333333
0 0.5393258426966293 0.62 0.11685393258426967 0.08666666666666667
0 0.3348314606741573 0.625 0.1303370786516854 0.07666666666666667
0 0.4112359550561798 0.7233333333333334 0.27415730337078653 0.10333333333333335
0 0.34494382022471914 0.8233333333333334 0.11011235955056181 0.060000000000000005
2 0.39887640449438205 0.22916666666666669 0.2629213483146068 0.028333333333333335
2 0.5359550561797753 0.5266666666666667 0.06067415730337079 0.023333333333333334
2 0.756179775280899 0.5141666666666667 0.0651685393258427 0.021666666666666667
2 0.7157303370786517 0.6266666666666667 0.07415730337078652 0.023333333333333334
2 0.8235955056179776 0.6233333333333334 0.06966292134831462 0.023333333333333334
2 0.5393258426966293 0.6283333333333334 0.11235955056179776 0.030000000000000002
2 0.49101123595505625 0.7308333333333333 0.07415730337078652 0.018333333333333333
