0 0.2807971014492754 0.0858050847457627 0.050724637681159424 0.0826271186440678
0 0.38768115942028986 0.05402542372881356 0.050724637681159424 0.06991525423728813
2 0.38405797101449274 0.08686440677966102 0.07608695652173914 0.025423728813559324
0 0.296195652173913 0.15677966101694915 0.05615942028985507 0.059322033898305086
2 0.276268115942029 0.19809322033898305 0.04891304347826087 0.036016949152542374
0 0.3632246376811594 0.3283898305084746 0.1105072463768116 0.07627118644067797
0 0.5914855072463768 0.3305084745762712 0.07065217391304347 0.09322033898305085
1 0.5434782608695652 0.288135593220339 0.025362318840579712 0.05508474576271186
1 0.3070652173913044 0.2976694915254237 0.03804347826086957 0.04025423728813559
1 0.3315217391304348 0.4152542372881356 0.018115942028985508 0.03389830508474576
0 0.37681159420289856 0.4533898305084746 0.09420289855072464 0.08050847457627118
0 0.32065217391304346 0.583686440677966 0.07608695652173914 0.08686440677966102
0 0.4773550724637681 0.5773305084745762 0.04528985507246377 0.09957627118644068
0 0.6077898550724637 0.5942796610169492 0.04891304347826087 0.09957627118644068
0 0.7536231884057971 0.6080508474576272 0.07246376811594203 0.11440677966101695
0 0.4375 0.7796610169491526 0.06340579710144928 0.09745762711864407
0 0.32608695652173914 0.7563559322033898 0.057971014492753624 0.09745762711864407
