0 0.3452194357366771 0.14255910987482615 0.06504702194357366 0.1321279554937413
0 0.4286833855799373 0.10987482614742698 0.05799373040752351 0.05563282336578581
0 0.35462382445141066 0.3289290681502086 0.12147335423197492 0.1599443671766342
0 0.5481974921630094 0.2955493741307371 0.07601880877742946 0.07927677329624479
0 0.4012539184952978 0.5076495132127955 0.22413793103448276 0.15855354659248957
0 0.60423197492163 0.4694019471488178 0.13009404388714732 0.08484005563282336
0 0.4106583072100313 0.6502086230876216 0.23197492163009403 0.07649513212795549
0 0.6927899686520376 0.6543810848400556 0.12852664576802508 0.09596662030598052
0 0.5924764890282131 0.7649513212795549 0.09717868338557993 0.06954102920723226
0 0.6269592476489028 0.8838664812239221 0.1536050156739812 0.07927677329624479
0 0.7876175548589341 0.885952712100139 0.05956112852664577 0.0584144645340751
0 0.4032131661442006 0.8852573018080667 0.22962382445141066 0.0737134909596662
3 0.3879310344827586 0.280250347705146 0.01567398119122257 0.037552155771905425
1 0.4878526645768025 0.28164116828929064 0.018025078369905956 0.03198887343532684
1 0.5920846394984326 0.454798331015299 0.022727272727272728 0.027816411682892905
1 0.6563479623824451 0.4610570236439499 0.01959247648902821 0.03198887343532684
1 0.6869122257053292 0.6349095966620306 0.014890282131661442 0.03198887343532684
1 0.5999216300940439 0.6376912378303199 0.016457680250783698 0.03477051460361613
1 0.5015673981191222 0.6439499304589708 0.014106583072100312 0.03337969401947149
1 0.39067398119122254 0.6397774687065368 0.014890282131661442 0.041724617524339355
1 0.3757836990595611 0.7531293463143254 0.016457680250783698 0.02920723226703755
1 0.3879310344827586 0.8776077885952712 0.014106583072100312 0.036161335187760775
1 0.6931818181818181 0.8727399165507649 0.011755485893416927 0.03477051460361613
2 0.34443573667711597 0.15299026425591097 0.055642633228840124 0.030598052851182195
2 0.42907523510971785 0.15090403337969402 0.06191222570532915 0.02364394993045897
2 0.3640282131661442 0.3344923504867872 0.09796238244514106 0.02920723226703755
2 0.518025078369906 0.33379694019471484 0.16614420062695925 0.03337969401947149
2 0.6061912225705329 0.5146036161335188 0.1371473354231975 0.036161335187760775
2 0.4102664576802508 0.5125173852573018 0.18730407523510972 0.02920723226703755
