0 0.43181818181818177 0.029 0.06684491978609625 0.05
0 0.5481283422459893 0.026000000000000002 0.0909090909090909 0.044
0 0.44652406417112295 0.109 0.0855614973262032 0.062
0 0.5481283422459893 0.107 0.0641711229946524 0.058
0 0.45053475935828874 0.373 0.09358288770053476 0.054
0 0.5641711229946523 0.371 0.06951871657754011 0.054
0 0.6804812834224598 0.369 0.07219251336898395 0.062
0 0.7700534759358288 0.7010000000000001 0.08021390374331551 0.07
0 0.6336898395721925 0.6970000000000001 0.0962566844919786 0.066
0 0.5040106951871658 0.6980000000000001 0.07754010695187165 0.056
0 0.37566844919786097 0.6970000000000001 0.09893048128342245 0.062
