0 0.16375 0.08166666666666667 0.075 0.09000000000000001
0 0.336875 0.08416666666666667 0.08125 0.09166666666666667
0 0.508125 0.085 0.06625 0.09666666666666668
0 0.67375 0.07166666666666667 0.0775 0.09666666666666668
0 0.6825 0.22333333333333336 0.0725 0.09666666666666668
0 0.563125 0.22333333333333336 0.05375 0.09333333333333334
0 0.455625 0.225 0.06125 0.1
0 0.310625 0.225 0.10125 0.09333333333333334
0 0.155 0.22166666666666668 0.1075 0.08333333333333334
0 0.174375 0.3666666666666667 0.08375 0.10666666666666667
0 0.309375 0.37583333333333335 0.06875 0.09833333333333334
0 0.49562500000000004 0.37000000000000005 0.06375 0.10666666666666667
0 0.660625 0.37083333333333335 0.07375 0.08166666666666667
0 0.6687500000000001 0.5141666666666667 0.115 0.10166666666666667
0 0.515625 0.5266666666666667 0.08375 0.09333333333333334
0 0.350625 0.5191666666666667 0.06375 0.10833333333333334
0 0.20375000000000001 0.5191666666666667 0.085 0.10833333333333334
0 0.195 0.6841666666666667 0.0775 0.115
0 0.376875 0.6891666666666667 0.058750000000000004 0.10500000000000001
0 0.539375 0.6808333333333334 0.07125000000000001 0.10500000000000001
0 0.71125 0.6858333333333334 0.0675 0.10166666666666667
0 0.750625 0.8408333333333334 0.06125 0.10166666666666667
0 0.8562500000000001 0.8391666666666667 0.075 0.11166666666666668
0 0.520625 0.8408333333333334 0.12875 0.115
0 0.33375 0.8533333333333334 0.1 0.12666666666666668
0 0.194375 0.8575 0.07875 0.115
2 0.35000000000000003 0.07166666666666667 0.035 0.02
2 0.6793750000000001 0.07666666666666667 0.03625 0.02
2 0.575625 0.2225 0.03875 0.018333333333333333
2 0.463125 0.22833333333333336 0.03875 0.016666666666666666
2 0.32 0.3666666666666667 0.0375 0.023333333333333334
2 0.509375 0.35750000000000004 0.03875 0.021666666666666667
2 0.140625 0.5316666666666667 0.058750000000000004 0.02
2 0.550625 0.68 0.051250000000000004 0.02
2 0.386875 0.6883333333333334 0.043750000000000004 0.02
2 0.20875 0.685 0.045 0.02
2 0.141875 0.68 0.05625 0.02
2 0.213125 0.8616666666666667 0.05625 0.030000000000000002
2 0.345625 0.8575 0.03875 0.025
