0 0.3560185185185185 0.29691358024691356 0.0787037037037037 0.09012345679012346
0 0.6837962962962963 0.29753086419753083 0.08611111111111111 0.07654320987654321
0 0.6787037037037037 0.5271604938271605 0.10370370370370371 0.13580246913580246
0 0.6523148148148148 0.7228395061728395 0.10833333333333334 0.09259259259259259
0 0.8046296296296297 0.7197530864197531 0.10185185185185186 0.09135802469135802
0 0.4416666666666667 0.7228395061728395 0.061111111111111116 0.07037037037037037
0 0.3351851851851852 0.7191358024691358 0.08148148148148149 0.07530864197530864
0 0.3726851851851852 0.5179012345679013 0.09537037037037037 0.1419753086419753
2 0.38333333333333336 0.5271604938271605 0.04814814814814815 0.022222222222222223
2 0.6907407407407408 0.5333333333333333 0.05925925925925926 0.01728395061728395
