0 0.15217391304347827 0.08792372881355932 0.21739130434782608 0.17584745762711865
0 0.5253623188405797 0.09110169491525423 0.2246376811594203 0.17796610169491525
0 0.8351449275362319 0.09216101694915255 0.2427536231884058 0.1843220338983051
0 0.9130434782608696 0.2870762711864407 0.14492753623188406 0.1716101694915254
0 0.5706521739130435 0.2934322033898305 0.3804347826086957 0.1885593220338983
0 0.20471014492753623 0.2870762711864407 0.17753623188405798 0.17584745762711865
0 0.463768115942029 0.4947033898305085 0.6594202898550725 0.1885593220338983
0 0.25181159420289856 0.6949152542372882 0.25 0.17372881355932204
0 0.3061594202898551 0.8919491525423728 0.16304347826086957 0.18220338983050846
2 0.1956521739130435 0.09745762711864407 0.06521739130434782 0.03389830508474576
2 0.5905797101449275 0.09957627118644068 0.07971014492753624 0.029661016949152543
2 0.8913043478260869 0.09957627118644068 0.07971014492753624 0.01694915254237288
2 0.9456521739130435 0.3019067796610169 0.09420289855072464 0.023305084745762712
2 0.592391304347826 0.2997881355932203 0.27898550724637683 0.014830508474576272
2 0.23369565217391305 0.3008474576271186 0.09057971014492754 0.025423728813559324
2 0.23369565217391305 0.5 0.06884057971014493 0.025423728813559324
2 0.4927536231884058 0.5021186440677966 0.26811594202898553 0.025423728813559324
2 0.7536231884057971 0.5 0.07971014492753624 0.025423728813559324
2 0.2608695652173913 0.7023305084745762 0.15217391304347827 0.02754237288135593
2 0.3242753623188406 0.902542372881356 0.06884057971014493 0.01694915254237288
