0 0.50546875 0.05625 0.1171875 0.0875
0 0.65546875 0.0625 0.07968750000000001 0.10416666666666667
0 0.790625 0.07083333333333333 0.07187500000000001 0.1125
0 0.7671875 0.24687499999999998 0.065625 0.11875
0 0.61640625 0.2875 0.0671875 0.08333333333333333
0 0.62890625 0.19479166666666667 0.0421875 0.08125
0 0.6109375 0.396875 0.037500000000000006 0.06458333333333333
0 0.66953125 0.39166666666666666 0.0421875 0.075
0 0.81015625 0.440625 0.0703125 0.12291666666666666
0 0.66796875 0.5020833333333333 0.0734375 0.12083333333333333
1 0.53828125 0.058333333333333334 0.0140625 0.020833333333333332
1 0.578125 0.90625 0.018750000000000003 0.025
2 0.6375000000000001 0.4302083333333333 0.16875 0.035416666666666666
2 0.62890625 0.24270833333333333 0.1046875 0.027083333333333334
2 0.8187500000000001 0.44166666666666665 0.040625 0.016666666666666666
