0 0.3995 0.048666666666666664 0.041 0.034666666666666665
0 0.273 0.5716666666666667 0.094 0.05933333333333333
0 0.4185 0.575 0.08700000000000001 0.05533333333333333
0 0.264 0.6596666666666666 0.07200000000000001 0.05266666666666667
0 0.405 0.6563333333333333 0.124 0.049999999999999996
0 0.559 0.655 0.122 0.062
0 0.6855 0.3133333333333333 0.053 0.034666666666666665
0 0.6665 0.367 0.059000000000000004 0.041999999999999996
2 0.587 0.6563333333333333 0.034 0.016666666666666666
2 0.5735 0.5733333333333334 0.039 0.018666666666666665
2 0.4245 0.5743333333333334 0.047 0.020666666666666667
2 0.4305 0.6636666666666666 0.039 0.016666666666666666
