0 0.1816326530612245 0.13339382940108893 0.02448979591836735 0.038112522686025406
0 0.22653061224489798 0.13339382940108893 0.02448979591836735 0.04174228675136116
0 0.27704081632653066 0.13157894736842105 0.02755102040816327 0.04174228675136116
0 0.3178571428571429 0.12704174228675136 0.02755102040816327 0.03629764065335753
0 0.37806122448979596 0.12522686025408347 0.025510204081632654 0.03629764065335753
0 0.41938775510204085 0.12431941923774954 0.02653061224489796 0.045372050816696916
1 0.4413265306122449 0.11433756805807622 0.01326530612244898 0.029038112522686024
0 0.5760204081632654 0.0617059891107078 0.031632653061224494 0.039927404718693285
0 0.6341836734693879 0.0617059891107078 0.025510204081632654 0.03629764065335753
0 0.7760204081632653 0.04900181488203267 0.025510204081632654 0.043557168784029036
0 0.8357142857142857 0.043557168784029036 0.02653061224489796 0.039927404718693285
0 0.3872448979591837 0.8003629764065335 0.02959183673469388 0.050816696914700546
0 0.3464285714285715 0.8611615245009074 0.0336734693877551 0.045372050816696916
0 0.20510204081632655 0.8466424682395643 0.03469387755102041 0.05263157894736842
0 0.15714285714285717 0.8548094373865699 0.0326530612244898 0.04718693284936479
0 0.10867346938775511 0.8620689655172413 0.02959183673469388 0.04718693284936479
0 0.11734693877551021 0.9591651542649727 0.03469387755102041 0.04900181488203267
0 0.24336734693877554 0.94010889292196 0.0336734693877551 0.0544464609800363
0 0.3464285714285715 0.9292196007259528 0.031632653061224494 0.050816696914700546
0 0.39336734693877556 0.9183303085299456 0.02755102040816327 0.050816696914700546
0 0.43928571428571433 0.9147005444646098 0.02959183673469388 0.050816696914700546
0 0.8132653061224491 0.5453720508166969 0.02653061224489796 0.045372050816696916
0 0.8188775510204083 0.4918330308529945 0.031632653061224494 0.039927404718693285
0 0.6168367346938776 0.5653357531760436 0.02755102040816327 0.045372050816696916
0 0.5836734693877551 0.7214156079854809 0.030612244897959186 0.04174228675136116
0 0.6551020408163266 0.7123411978221416 0.03469387755102041 0.045372050816696916
0 0.7596938775510205 0.6678765880217785 0.10510204081632654 0.06533575317604355
1 0.8010204081632654 0.661524500907441 0.010204081632653062 0.0308529945553539
0 0.8836734693877552 0.6842105263157895 0.028571428571428574 0.039927404718693285
0 0.6061224489795919 0.5090744101633393 0.02448979591836735 0.034482758620689655
0 0.6188775510204082 0.4491833030852994 0.05408163265306123 0.05263157894736842
0 0.5408163265306123 0.4627949183303085 0.04693877551020409 0.05807622504537205
0 0.8668367346938777 0.3774954627949183 0.04591836734693878 0.043557168784029036
1 0.12806122448979593 0.18058076225045372 0.009183673469387756 0.019963702359346643
