0 0.069 0.08994708994708994 0.09 0.08994708994708994
0 0.216 0.09391534391534391 0.10400000000000001 0.10317460317460317
2 0.396 0.10846560846560846 0.036000000000000004 0.026455026455026454
0 0.394 0.09788359788359788 0.07200000000000001 0.18518518518518517
0 0.506 0.09259259259259259 0.064 0.08994708994708994
0 0.424 0.30026455026455023 0.08 0.18783068783068782
0 0.546 0.2976190476190476 0.068 0.09259259259259259
0 0.258 0.29894179894179895 0.088 0.18518518518518517
0 0.127 0.29497354497354494 0.078 0.082010582010582
0 0.10300000000000001 0.496031746031746 0.066 0.0873015873015873
0 0.264 0.5026455026455026 0.08 0.18518518518518517
2 0.258 0.3108465608465608 0.048 0.0291005291005291
2 0.441 0.30687830687830686 0.034 0.021164021164021163
2 0.365 0.30952380952380953 0.042 0.026455026455026454
2 0.278 0.5119047619047619 0.044 0.023809523809523808
2 0.262 0.7129629629629629 0.07200000000000001 0.018518518518518517
2 0.201 0.5092592592592592 0.042 0.0291005291005291
2 0.218 0.9179894179894179 0.084 0.031746031746031744
0 0.27 0.656084656084656 0.064 0.07936507936507936
0 0.224 0.8518518518518519 0.07200000000000001 0.07936507936507936
0 0.101 0.8941798941798942 0.066 0.08994708994708994
