0 0.41888888888888887 0.0651085141903172 0.12666666666666668 0.08681135225375626
0 0.6155555555555555 0.05175292153589316 0.14222222222222222 0.08013355592654424
0 0.48777777777777775 0.1969949916527546 0.31333333333333335 0.14357262103505844
0 0.41444444444444445 0.34140233722871455 0.11777777777777777 0.10517529215358933
0 0.6033333333333334 0.28213689482470783 0.10888888888888888 0.07345575959933222
0 0.21333333333333332 0.47662771285475797 0.09333333333333334 0.06844741235392321
0 0.37333333333333335 0.4682804674457429 0.08444444444444445 0.06844741235392321
0 0.5211111111111111 0.4666110183639399 0.12666666666666668 0.07178631051752922
0 0.5288888888888889 0.5450751252086812 0.07555555555555556 0.05843071786310518
0 0.3688888888888889 0.5742904841402338 0.1288888888888889 0.07345575959933222
0 0.20333333333333334 0.5734557595993323 0.12666666666666668 0.06176961602671119
0 0.2777777777777778 0.6786310517529216 0.11555555555555555 0.06176961602671119
0 0.4311111111111111 0.7103505843071787 0.08888888888888889 0.07846410684474124
0 0.2911111111111111 0.7395659432387313 0.07555555555555556 0.05676126878130217
0 0.2822222222222222 0.8280467445742905 0.12444444444444444 0.07011686143572621
0 0.4777777777777778 0.8113522537562604 0.1288888888888889 0.07345575959933222
0 0.4866666666666667 0.8914858096828047 0.10222222222222223 0.0667779632721202
0 0.33111111111111113 0.9382303839732888 0.10222222222222223 0.10350584307178631
2 0.43333333333333335 0.0651085141903172 0.08444444444444445 0.02003338898163606
2 0.6322222222222222 0.05258764607679466 0.09555555555555556 0.018363939899833055
2 0.43777777777777777 0.20534223706176963 0.07111111111111111 0.02003338898163606
2 0.5733333333333334 0.18864774624373956 0.07555555555555556 0.02337228714524207
2 0.4255555555555556 0.3347245409015025 0.08666666666666667 0.025041736227045076
2 0.6 0.32136894824707846 0.11555555555555555 0.038397328881469114
2 0.5355555555555556 0.5801335559265443 0.1111111111111111 0.021702838063439065
2 0.2722222222222222 0.7136894824707847 0.13111111111111112 0.011686143572621035
2 0.3377777777777778 0.9307178631051753 0.06666666666666667 0.025041736227045076
2 0.4811111111111111 0.9340567612687813 0.09111111111111111 0.018363939899833055
