0 0.2642361111111111 0.2450617283950617 0.09652777777777778 0.14444444444444443
0 0.3993055555555556 0.24876543209876542 0.05694444444444444 0.07037037037037037
0 0.5038194444444445 0.24320987654320989 0.052083333333333336 0.07407407407407407
0 0.40694444444444444 0.3932098765432099 0.05555555555555556 0.06296296296296296
0 0.5225694444444444 0.3993827160493827 0.052083333333333336 0.0654320987654321
0 0.6260416666666667 0.4012345679012346 0.05486111111111111 0.07901234567901234
0 0.8486111111111111 0.4024691358024691 0.04861111111111111 0.07654320987654321
0 0.8027777777777778 0.7067901234567902 0.05277777777777778 0.06296296296296296
0 0.6326388888888889 0.7407407407407407 0.04722222222222222 0.06172839506172839
0 0.4934027777777778 0.7401234567901235 0.050694444444444445 0.07037037037037037
0 0.5291666666666667 0.6123456790123457 0.04722222222222222 0.07407407407407407
0 0.3965277777777778 0.611111111111111 0.051388888888888894 0.06419753086419754
0 0.2635416666666667 0.6123456790123457 0.07847222222222222 0.07901234567901234
0 0.3809027777777778 0.7407407407407407 0.050694444444444445 0.06419753086419754
2 0.2809027777777778 0.25246913580246916 0.052083333333333336 0.018518518518518517
2 0.35833333333333334 0.4030864197530864 0.04583333333333334 0.018518518518518517
2 0.7131944444444445 0.404320987654321 0.04027777777777778 0.020987654320987655
2 0.7916666666666667 0.7432098765432099 0.07083333333333333 0.024691358024691357
