0 0.19398148148148148 0.18703703703703703 0.0787037037037037 0.08271604938271605
0 0.3060185185185185 0.1876543209876543 0.06944444444444445 0.07160493827160494
0 0.42129629629629634 0.1882716049382716 0.06666666666666667 0.08765432098765431
0 0.4134259259259259 0.291358024691358 0.06574074074074074 0.08888888888888889
0 0.425462962962963 0.40987654320987654 0.1175925925925926 0.08641975308641975
0 0.5444444444444445 0.5253086419753086 0.05925925925925926 0.10740740740740741
0 0.3277777777777778 0.5203703703703704 0.05740740740740741 0.10246913580246914
0 0.2101851851851852 0.519753086419753 0.053703703703703705 0.10123456790123457
0 0.19953703703703704 0.40802469135802466 0.05648148148148149 0.09012345679012346
0 0.29444444444444445 0.40925925925925927 0.05925925925925926 0.07777777777777778
0 0.274537037037037 0.2919753086419753 0.06574074074074074 0.08518518518518518
0 0.23703703703703705 0.6765432098765432 0.08148148148148149 0.07407407407407407
0 0.4087962962962963 0.678395061728395 0.08611111111111111 0.07530864197530864
0 0.5296296296296297 0.682716049382716 0.061111111111111116 0.08641975308641975
0 0.6407407407407407 0.6777777777777778 0.07037037037037037 0.08395061728395062
2 0.1763888888888889 0.6882716049382716 0.032407407407407406 0.023456790123456788
2 0.3416666666666667 0.6882716049382716 0.03518518518518519 0.016049382716049384
