0 0.6535493827160493 0.3138020833333333 0.45216049382716045 0.1362847222222222
0 0.23302469135802467 0.3133680555555555 0.16358024691358025 0.06944444444444445
0 0.4020061728395061 0.0546875 0.09104938271604937 0.048611111111111105
0 0.7754629629629629 0.4227430555555555 0.36882716049382713 0.10590277777777778
0 0.4637345679012345 0.5104166666666666 0.08796296296296297 0.07291666666666666
0 0.470679012345679 0.5885416666666666 0.1111111111111111 0.0642361111111111
0 0.4305555555555555 0.421875 0.08333333333333333 0.05034722222222222
2 0.5 0.3276909722222222 0.05555555555555555 0.030381944444444444
2 0.6496913580246914 0.3272569444444444 0.07716049382716049 0.026041666666666664
2 0.6875 0.4249131944444444 0.05092592592592592 0.021701388888888888
