0 0.14333333333333334 0.33035714285714285 0.06444444444444444 0.05952380952380952
0 0.23777777777777778 0.3318452380952381 0.057777777777777775 0.050595238095238096
0 0.31777777777777777 0.33035714285714285 0.044444444444444446 0.05357142857142857
0 0.6322222222222222 0.32291666666666663 0.07333333333333333 0.11011904761904762
0 0.7333333333333333 0.32440476190476186 0.06666666666666667 0.11904761904761904
0 0.8177777777777778 0.32440476190476186 0.044444444444444446 0.05357142857142857
0 0.6811111111111111 0.7946428571428571 0.07333333333333333 0.11309523809523808
0 0.7755555555555556 0.7931547619047619 0.08888888888888889 0.0625
0 0.6133333333333333 0.8333333333333333 0.035555555555555556 0.05357142857142857
0 0.54 0.7976190476190476 0.08 0.05952380952380952
0 0.4488888888888889 0.8035714285714285 0.07111111111111111 0.05357142857142857
0 0.30444444444444446 0.806547619047619 0.13333333333333333 0.05357142857142857
0 0.20222222222222222 0.8035714285714285 0.044444444444444446 0.047619047619047616
2 0.6488888888888888 0.3288690476190476 0.04 0.020833333333333332
2 0.7433333333333333 0.3273809523809524 0.042222222222222223 0.017857142857142856
2 0.6922222222222222 0.8020833333333333 0.042222222222222223 0.020833333333333332
2 0.6166666666666667 0.8020833333333333 0.04666666666666667 0.020833333333333332
3 0.5666666666666667 0.7886904761904762 0.017777777777777778 0.02976190476190476
