1 0.4685897435897436 0.30275665399239543 0.04230769230769231 0.03136882129277566
1 0.6865384615384615 0.501425855513308 0.04487179487179487 0.03897338403041825
1 0.5012820512820513 0.5423003802281369 0.038461538461538464 0.0370722433460076
1 0.5698717948717948 0.6596958174904943 0.05512820512820513 0.04752851711026616
0 0.5294871794871795 0.35361216730038025 0.5256410256410257 0.17300380228136883
0 0.6852564102564103 0.5209125475285171 0.3294871794871795 0.1482889733840304
0 0.5583333333333333 0.6820342205323194 0.2705128205128205 0.13403041825095058
2 0.47115384615384615 0.3673954372623574 0.18333333333333332 0.025665399239543727
2 0.4621794871794872 0.5147338403041825 0.14743589743589744 0.02376425855513308
2 0.3141025641025641 0.6711026615969582 0.16153846153846155 0.026615969581749048
