0 0.26666666666666666 0.21333333333333335 0.05333333333333333 0.05333333333333334
0 0.37444444444444447 0.22 0.06444444444444444 0.05
0 0.61 0.21083333333333334 0.051111111111111114 0.06166666666666667
0 0.6855555555555556 0.21500000000000002 0.051111111111111114 0.05
0 0.7055555555555556 0.27 0.06 0.04
0 0.6433333333333333 0.27166666666666667 0.042222222222222223 0.05
0 0.3477777777777778 0.2733333333333334 0.051111111111111114 0.04666666666666667
0 0.42 0.2725 0.04888888888888889 0.03833333333333334
0 0.27444444444444444 0.33666666666666667 0.06888888888888889 0.04666666666666667
0 0.26 0.49500000000000005 0.05333333333333333 0.05666666666666667
0 0.35888888888888887 0.4941666666666667 0.05555555555555555 0.065
0 0.4666666666666667 0.49083333333333334 0.04888888888888889 0.04833333333333334
0 0.7088888888888889 0.48750000000000004 0.057777777777777775 0.05166666666666667
0 0.8277777777777777 0.49083333333333334 0.07777777777777778 0.07166666666666667
0 0.7244444444444444 0.5725 0.057777777777777775 0.06166666666666667
0 0.8233333333333334 0.5466666666666667 0.06444444444444444 0.05333333333333334
0 0.7777777777777778 0.6458333333333334 0.08 0.06833333333333334
0 0.37666666666666665 0.6491666666666667 0.07777777777777778 0.05166666666666667
0 0.4822222222222222 0.5691666666666667 0.06222222222222222 0.04833333333333334
0 0.35333333333333333 0.5566666666666668 0.07555555555555556 0.03666666666666667
0 0.2611111111111111 0.5791666666666667 0.051111111111111114 0.05166666666666667
0 0.2877777777777778 0.6641666666666667 0.06888888888888889 0.06833333333333334
2 0.3622222222222222 0.4941666666666667 0.044444444444444446 0.015000000000000001
2 0.8244444444444444 0.49333333333333335 0.07555555555555556 0.02
2 0.8266666666666667 0.5725 0.07111111111111111 0.021666666666666667
2 0.7166666666666667 0.65 0.06 0.016666666666666666
2 0.23777777777777778 0.6675000000000001 0.057777777777777775 0.015000000000000001
2 0.35 0.5808333333333334 0.05555555555555555 0.021666666666666667
