0 0.5078703703703704 0.19197530864197532 0.04351851851851852 0.053086419753086415
0 0.6064814814814815 0.1962962962962963 0.044444444444444446 0.05925925925925926
0 0.4620370370370371 0.2691358024691358 0.040740740740740744 0.0691358024691358
0 0.24814814814814815 0.28086419753086417 0.0462962962962963 0.05802469135802469
0 0.24074074074074076 0.4660493827160494 0.06666666666666667 0.10493827160493827
0 0.1638888888888889 0.46975308641975305 0.03888888888888889 0.0654320987654321
0 0.6185185185185186 0.4685185185185185 0.037037037037037035 0.05555555555555555
0 0.6865740740740741 0.4685185185185185 0.04166666666666667 0.06296296296296296
0 0.7412037037037037 0.4679012345679012 0.04351851851851852 0.06419753086419754
0 0.8083333333333333 0.47345679012345676 0.053703703703703705 0.0728395061728395
0 0.2449074074074074 0.7358024691358025 0.04722222222222222 0.05925925925925926
0 0.16712962962962963 0.7308641975308642 0.036111111111111115 0.046913580246913576
1 0.32407407407407407 0.2641975308641975 0.018518518518518517 0.0345679012345679
1 0.28425925925925927 0.45493827160493827 0.02777777777777778 0.023456790123456788
1 0.27824074074074073 0.7222222222222222 0.015740740740740743 0.02962962962962963
