0 0.675625 0.115 0.051250000000000004 0.14333333333333334
0 0.886875 0.1 0.08875 0.07666666666666667
0 0.516875 0.20333333333333334 0.08625000000000001 0.060000000000000005
0 0.385 0.2066666666666667 0.0475 0.13
0 0.3375 0.6483333333333334 0.0475 0.13333333333333333
0 0.355 0.7766666666666667 0.085 0.05333333333333334
2 0.685 0.12250000000000001 0.0325 0.021666666666666667
2 0.395 0.21333333333333335 0.03 0.016666666666666666
2 0.465 0.21583333333333335 0.0275 0.025
2 0.346875 0.6516666666666667 0.03625 0.02666666666666667
0 0.4425 0.6408333333333334 0.0475 0.065
0 0.45937500000000003 0.7791666666666667 0.051250000000000004 0.06166666666666667
