0 0.1044776119402985 0.5301094890510949 0.024423337856173677 0.020072992700729927
0 0.1614654002713704 0.5301094890510949 0.035278154681139755 0.01824817518248175
0 0.28154681139755766 0.5260036496350364 0.033921302578018994 0.024635036496350363
0 0.3337856173677069 0.5260036496350364 0.03799185888738127 0.020985401459854013
0 0.42537313432835816 0.5255474452554745 0.028493894165535955 0.023722627737226276
0 0.48914518317503386 0.5255474452554745 0.04477611940298507 0.027372262773722626
0 0.5583446404341926 0.5260036496350364 0.033921302578018994 0.020985401459854013
0 0.2014925373134328 0.5793795620437956 0.036635006784260515 0.021897810218978103
0 0.23812754409769332 0.6067518248175182 0.033921302578018994 0.021897810218978103
0 0.1682496607869742 0.6072080291970803 0.03799185888738127 0.02281021897810219
0 0.1987788331071913 0.6327554744525548 0.04206241519674355 0.020985401459854013
0 0.1044776119402985 0.6067518248175182 0.032564450474898234 0.01824817518248175
0 0.13025780189959293 0.5802919708029197 0.04613297150610583 0.020072992700729927
0 0.07123473541383989 0.5798357664233577 0.033921302578018994 0.02645985401459854
0 0.10854816824966078 0.6624087591240876 0.04070556309362279 0.027372262773722626
0 0.1580732700135685 0.761405109489051 0.04748982360922659 0.024635036496350363
0 0.10312075983717774 0.7623175182481752 0.035278154681139755 0.02645985401459854
0 0.05156037991858887 0.761405109489051 0.03799185888738127 0.020985401459854013
0 0.10583446404341926 0.7951642335766423 0.035278154681139755 0.01916058394160584
0 0.17299864314789687 0.7951642335766423 0.031207598371777473 0.02281021897810219
0 0.17706919945725916 0.8257299270072992 0.06919945725915874 0.025547445255474453
0 0.10583446404341926 0.8252737226277372 0.035278154681139755 0.020985401459854013
0 0.04952510176390773 0.8261861313868613 0.033921302578018994 0.02281021897810219
0 0.06852103120759837 0.8604014598540146 0.033921302578018994 0.021897810218978103
0 0.13432835820895522 0.8585766423357664 0.03799185888738127 0.021897810218978103
0 0.24694708276797828 0.8604014598540146 0.03799185888738127 0.025547445255474453
0 0.2734056987788331 0.896441605839416 0.03934871099050203 0.024635036496350363
0 0.21641791044776118 0.8973540145985401 0.03934871099050203 0.02645985401459854
0 0.1587516960651289 0.8982664233576642 0.05156037991858887 0.024635036496350363
0 0.07666214382632293 0.8968978102189781 0.05020352781546811 0.023722627737226276
0 0.09158751696065129 0.9758211678832116 0.04748982360922659 0.03010948905109489
0 0.14789687924016282 0.9753649635036497 0.03799185888738127 0.04744525547445255
0 0.21438263229308005 0.9758211678832116 0.059701492537313425 0.046532846715328466
2 0.04748982360922659 0.9005474452554745 0.032564450474898234 0.014598540145985401
2 0.12347354138398914 0.8996350364963503 0.021709633649932156 0.012773722627737226
2 0.2191316146540027 0.9822080291970803 0.025780189959294434 0.010036496350364963
2 0.15739484396200812 0.9785583941605839 0.013568521031207597 0.010036496350364963
