0 0.2234375 0.13229166666666667 0.24375000000000002 0.13541666666666666
0 0.453125 0.1375 0.084375 0.13333333333333333
0 0.7328125000000001 0.134375 0.23125 0.13125
0 0.7312500000000001 0.42291666666666666 0.24375000000000002 0.1375
0 0.45937500000000003 0.41875 0.1125 0.12083333333333333
0 0.5109375 0.559375 0.10312500000000001 0.13958333333333334
0 0.31562500000000004 0.565625 0.16562500000000002 0.13541666666666666
0 0.225 0.4166666666666667 0.240625 0.125
0 0.5085937500000001 0.2739583333333333 0.09843750000000001 0.11875
0 0.3171875 0.27708333333333335 0.184375 0.11666666666666667
0 0.13593750000000002 0.2760416666666667 0.16562500000000002 0.12291666666666666
0 0.1265625 0.5572916666666666 0.171875 0.11875
0 0.14765625000000002 0.7697916666666667 0.2390625 0.13958333333333334
2 0.29531250000000003 0.1375 0.034375 0.020833333333333332
2 0.17265625 0.13854166666666667 0.0421875 0.01875
2 0.23359375000000002 0.134375 0.0421875 0.022916666666666665
2 0.38593750000000004 0.14479166666666665 0.040625 0.022916666666666665
2 0.46640625 0.14270833333333333 0.035937500000000004 0.014583333333333334
2 0.6781250000000001 0.1375 0.034375 0.016666666666666666
2 0.7328125000000001 0.13541666666666666 0.037500000000000006 0.029166666666666667
2 0.80390625 0.134375 0.0421875 0.014583333333333334
2 0.5203125000000001 0.2791666666666667 0.040625 0.016666666666666666
2 0.4390625 0.278125 0.043750000000000004 0.022916666666666665
2 0.32734375000000004 0.28020833333333334 0.11406250000000001 0.027083333333333334
2 0.15390625000000002 0.2833333333333333 0.11093750000000001 0.020833333333333332
2 0.16796875 0.42083333333333334 0.0390625 0.016666666666666666
2 0.22578125000000002 0.42083333333333334 0.0421875 0.020833333333333332
2 0.29375 0.4197916666666667 0.034375 0.022916666666666665
2 0.38125000000000003 0.42604166666666665 0.040625 0.01875
2 0.46875 0.4239583333333333 0.053125000000000006 0.022916666666666665
2 0.67578125 0.42604166666666665 0.0421875 0.01875
2 0.734375 0.4197916666666667 0.043750000000000004 0.022916666666666665
2 0.80390625 0.4197916666666667 0.0421875 0.022916666666666665
2 0.5265625 0.5635416666666666 0.046875 0.014583333333333334
2 0.33046875000000003 0.5666666666666667 0.11406250000000001 0.025
2 0.14765625000000002 0.5645833333333333 0.1078125 0.029166666666666667
2 0.09531250000000001 0.7760416666666666 0.043750000000000004 0.01875
2 0.15625 0.7760416666666666 0.034375 0.022916666666666665
2 0.22031250000000002 0.775 0.037500000000000006 0.029166666666666667
1 0.3375 0.5864583333333333 0.009375000000000001 0.03125
1 0.34453125 0.30104166666666665 0.0203125 0.022916666666666665
