0 0.3733944954128441 0.12101910828025478 0.07522935779816514 0.0445859872611465
0 0.27706422018348625 0.2197452229299363 0.044036697247706424 0.03503184713375796
0 0.16788990825688074 0.3550955414012739 0.02018348623853211 0.038216560509554146
0 0.16788990825688074 0.38455414012738853 0.04954128440366973 0.030254777070063694
0 0.08256880733944955 0.38455414012738853 0.044036697247706424 0.030254777070063694
0 0.08440366972477065 0.3479299363057325 0.047706422018348627 0.039808917197452234
0 0.534862385321101 0.41958598726114654 0.14128440366972478 0.052547770700636945
0 0.21559633027522937 0.51671974522293 0.08990825688073395 0.03662420382165605
0 0.326605504587156 0.5191082802547771 0.08440366972477065 0.038216560509554146
0 0.363302752293578 0.7006369426751593 0.05871559633027523 0.06369426751592357
0 0.44128440366972477 0.6998407643312102 0.05321100917431193 0.06528662420382166
0 0.29266055045871564 0.6982484076433121 0.04220183486238532 0.03662420382165605
0 0.5605504587155964 0.75 0.04220183486238532 0.03184713375796178
0 0.44128440366972477 0.7810509554140128 0.03486238532110092 0.03343949044585987
0 0.3844036697247707 0.7826433121019108 0.03486238532110092 0.030254777070063694
0 0.3357798165137615 0.7826433121019108 0.03302752293577982 0.03343949044585987
0 0.28165137614678903 0.7810509554140128 0.027522935779816515 0.03662420382165605
0 0.34403669724770647 0.8184713375796179 0.031192660550458717 0.03503184713375796
0 0.23027522935779818 0.8813694267515924 0.03486238532110092 0.039808917197452234
0 0.1577981651376147 0.8821656050955414 0.022018348623853212 0.04140127388535032
0 0.7467889908256882 0.8797770700636943 0.03302752293577982 0.030254777070063694
0 0.6688073394495413 0.9171974522292994 0.03486238532110092 0.038216560509554146
0 0.3504587155963303 0.9148089171974523 0.025688073394495414 0.03662420382165605
0 0.47981651376146794 0.9156050955414013 0.03853211009174312 0.04140127388535032
0 0.21192660550458717 0.946656050955414 0.031192660550458717 0.03662420382165605
1 0.5844036697247706 0.4171974522292994 0.02018348623853211 0.02229299363057325
2 0.12385321100917432 0.6011146496815287 0.031192660550458717 0.02070063694267516
2 0.1981651376146789 0.6003184713375797 0.03669724770642202 0.01592356687898089
2 0.3779816513761468 0.7014331210191083 0.03669724770642202 0.02070063694267516
2 0.45045871559633033 0.7030254777070064 0.02018348623853211 0.011146496815286625
2 0.3550458715596331 0.8343949044585988 0.08256880733944955 0.019108280254777073
1 0.4706422018348624 0.8304140127388535 0.01651376146788991 0.01751592356687898
