0 0.1548223350253807 0.05160984848484849 0.04568527918781726 0.03125
0 0.24238578680203043 0.05066287878787879 0.06852791878172589 0.029356060606060608
0 0.5881979695431472 0.05539772727272727 0.10279187817258882 0.036931818181818184
0 0.6973350253807106 0.05539772727272727 0.0748730964467005 0.061553030303030304
0 0.6776649746192893 0.23200757575757577 0.050761421319796954 0.02840909090909091
0 0.5723350253807106 0.2315340909090909 0.035532994923857864 0.02556818181818182
0 0.2246192893401015 0.22916666666666669 0.04060913705583756 0.05113636363636364
0 0.13007614213197968 0.23390151515151517 0.04187817258883248 0.058712121212121215
0 0.12436548223350252 0.2793560606060606 0.02284263959390863 0.02462121212121212
0 0.2645939086294416 0.2779356060606061 0.031725888324873094 0.027462121212121212
0 0.22588832487309643 0.42945075757575757 0.053299492385786795 0.02556818181818182
0 0.5958121827411167 0.43087121212121215 0.049492385786802026 0.02840909090909091
0 0.6630710659898477 0.43276515151515155 0.026649746192893398 0.05681818181818182
0 0.7506345177664974 0.4341856060606061 0.04695431472081218 0.05397727272727273
0 0.8007614213197969 0.5658143939393939 0.032994923857868015 0.061553030303030304
0 0.8895939086294415 0.5677083333333334 0.06345177664974619 0.038825757575757576
0 0.7277918781725887 0.5667613636363636 0.04695431472081218 0.05018939393939394
1 0.708756345177665 0.5610795454545455 0.021573604060913704 0.021780303030303032
0 0.30203045685279184 0.5662878787878788 0.04060913705583756 0.05681818181818182
0 0.641497461928934 0.5639204545454546 0.06472081218274112 0.03314393939393939
0 0.22398477157360405 0.5648674242424243 0.03426395939086294 0.05587121212121212
0 0.133248730964467 0.5634469696969697 0.06091370558375634 0.032196969696969696
0 0.15291878172588833 0.4322916666666667 0.06218274111675126 0.03503787878787879
0 0.09390862944162436 0.4322916666666667 0.032994923857868015 0.029356060606060608
0 0.6148477157360406 0.6870265151515151 0.04695431472081218 0.052083333333333336
0 0.6687817258883249 0.6889204545454546 0.04060913705583756 0.05018939393939394
0 0.34200507614213194 0.681344696969697 0.09517766497461928 0.029356060606060608
0 0.23223350253807104 0.6856060606060607 0.09137055837563451 0.04166666666666667
0 0.7309644670050761 0.6870265151515151 0.032994923857868015 0.02556818181818182
0 0.7804568527918782 0.6860795454545455 0.04060913705583756 0.023674242424242424
0 0.12944162436548223 0.6832386363636364 0.09644670050761421 0.027462121212121212
0 0.18527918781725886 0.8390151515151515 0.035532994923857864 0.030303030303030304
0 0.30901015228426393 0.8418560606060607 0.03680203045685279 0.022727272727272728
0 0.18274111675126903 0.9640151515151515 0.03807106598984771 0.026515151515151516
2 0.11802030456852791 0.054924242424242424 0.017766497461928932 0.011363636363636364
2 0.2049492385786802 0.05634469696969697 0.013959390862944161 0.006628787878787879
2 0.6998730964467005 0.054450757575757576 0.06218274111675126 0.014204545454545456
2 0.12499999999999999 0.23579545454545456 0.019035532994923856 0.00946969696969697
2 0.22652284263959388 0.23484848484848486 0.026649746192893398 0.007575757575757576
2 0.23730964467005075 0.2911931818181818 0.09390862944162436 0.010416666666666668
2 0.12182741116751268 0.29214015151515155 0.04314720812182741 0.008522727272727272
2 0.6681472081218274 0.43323863636363635 0.021573604060913704 0.010416666666666668
2 0.7531725888324873 0.4341856060606061 0.026649746192893398 0.008522727272727272
2 0.7392131979695431 0.5691287878787878 0.029187817258883246 0.011363636363636364
2 0.8102791878172588 0.5677083333333334 0.016497461928934008 0.008522727272727272
2 0.8496192893401014 0.5667613636363636 0.019035532994923856 0.014204545454545456
2 0.6751269035532994 0.6898674242424243 0.02284263959390863 0.008522727272727272
2 0.6148477157360406 0.6898674242424243 0.026649746192893398 0.008522727272727272
2 0.22525380710659898 0.5677083333333334 0.016497461928934008 0.008522727272727272
2 0.30837563451776645 0.5696022727272727 0.027918781725888322 0.008522727272727272
2 0.16941624365482233 0.109375 0.049492385786802026 0.010416666666666668
0 0.23984771573604058 0.10795454545454546 0.08375634517766496 0.02462121212121212
0 0.09898477157360405 0.10748106060606061 0.027918781725888322 0.02556818181818182
3 0.1548223350253807 0.5587121212121212 0.012690355329949238 0.007575757575757576
1 0.274746192893401 0.5634469696969697 0.008883248730964466 0.017045454545454544
3 0.26713197969543145 0.6794507575757576 0.011421319796954314 0.010416666666666668
3 0.32677664974619286 0.6808712121212122 0.021573604060913704 0.007575757575757576
3 0.7868020304568527 0.6841856060606061 0.012690355329949238 0.010416666666666668
1 0.36738578680203043 0.6808712121212122 0.011421319796954314 0.011363636363636364
1 0.6230964467005076 0.6747159090909091 0.01015228426395939 0.010416666666666668
1 0.6776649746192893 0.6732954545454546 0.01015228426395939 0.007575757575757576
1 0.32677664974619286 0.946969696969697 0.013959390862944161 0.011363636363636364
1 0.3845177664974619 0.8380681818181819 0.01015228426395939 0.00946969696969697
1 0.4695431472081218 0.834753787878788 0.012690355329949238 0.010416666666666668
