1 0.5737704918032787 0.16597510373443983 0.014903129657228018 0.024896265560165977
1 0.8070044709388972 0.16804979253112035 0.013412816691505215 0.024896265560165977
0 0.7272727272727273 0.18153526970954356 0.08643815201192251 0.043568464730290454
1 0.7146050670640834 0.17842323651452283 0.007451564828614009 0.02074688796680498
0 0.49552906110283157 0.1825726141078838 0.08196721311475409 0.03319502074688797
1 0.481371087928465 0.17738589211618258 0.00894187779433681 0.022821576763485476
2 0.47242921013412814 0.20435684647302904 0.12816691505216096 0.01867219917012448
2 0.7086438152011922 0.2053941908713693 0.13561847988077497 0.024896265560165977
2 0.28539493293591656 0.808091286307054 0.02533532041728763 0.014522821576763486
2 0.36736214605067063 0.808091286307054 0.08494783904619971 0.026970954356846474
2 0.4977645305514158 0.8060165975103735 0.020864381520119227 0.014522821576763486
2 0.5864381520119225 0.808091286307054 0.08792846497764531 0.01867219917012448
1 0.6438152011922503 0.7956431535269709 0.014903129657228018 0.043568464730290454
1 0.4292101341281669 0.7935684647302904 0.014903129657228018 0.026970954356846474
1 0.5715350223546944 0.7800829875518672 0.013412816691505215 0.016597510373443983
1 0.36065573770491804 0.779045643153527 0.011922503725782414 0.01867219917012448
1 0.3211624441132638 0.8651452282157677 0.010432190760059613 0.02074688796680498
1 0.3897168405365127 0.8838174273858921 0.01639344262295082 0.024896265560165977
1 0.5804769001490313 0.8786307053941909 0.019374068554396422 0.03112033195020747
1 0.9038748137108793 0.9657676348547718 0.013412816691505215 0.035269709543568464
1 0.767511177347243 0.9647302904564315 0.011922503725782414 0.029045643153526972
1 0.5104321907600596 0.8672199170124482 0.007451564828614009 0.02074688796680498
0 0.3710879284649776 0.7852697095435685 0.09836065573770492 0.04771784232365145
0 0.5856929955290611 0.7800829875518672 0.08345752608047691 0.04149377593360996
0 0.5208643815201193 0.8713692946058091 0.08196721311475409 0.04149377593360996
0 0.33383010432190763 0.8713692946058091 0.08941877794336811 0.03734439834024896
2 0.522354694485842 0.8941908713692946 0.09388971684053651 0.02074688796680498
2 0.33383010432190763 0.8931535269709544 0.09538002980625931 0.014522821576763486
2 0.2473919523099851 0.8900414937759336 0.020864381520119227 0.024896265560165977
