0 0.6199074074074075 0.0882716049382716 0.0638888888888889 0.08765432098765431
0 0.6129629629629629 0.3037037037037037 0.08333333333333334 0.07901234567901234
0 0.6199074074074075 0.4154320987654321 0.0787037037037037 0.08024691358024691
0 0.2564814814814815 0.4271604938271605 0.07222222222222223 0.12839506172839507
2 0.2652777777777778 0.43333333333333335 0.030555555555555558 0.027160493827160494
0 0.22546296296296298 0.6407407407407407 0.05648148148148149 0.06419753086419754
0 0.33611111111111114 0.6444444444444445 0.05185185185185186 0.06666666666666667
0 0.4513888888888889 0.6419753086419753 0.058333333333333334 0.06172839506172839
0 0.43842592592592594 0.7259259259259259 0.0638888888888889 0.06419753086419754
0 0.38796296296296295 0.817283950617284 0.05740740740740741 0.06419753086419754
0 0.5050925925925926 0.817283950617284 0.05462962962962963 0.07160493827160494
0 0.38703703703703707 0.9006172839506172 0.061111111111111116 0.05555555555555555
0 0.2523148148148148 0.9030864197530865 0.06574074074074074 0.0654320987654321
0 0.2574074074074074 0.8098765432098766 0.06296296296296297 0.06172839506172839
0 0.2939814814814815 0.7271604938271605 0.05648148148148149 0.05925925925925926
