1 0.8920634920634921 0.013274336283185842 0.015873015873015872 0.014749262536873158
2 0.7968253968253968 0.02409046214355949 0.015873015873015872 0.014749262536873158
0 0.6317460317460317 0.13225172074729596 0.044444444444444446 0.028515240904621438
0 0.8023809523809524 0.13077679449360866 0.049206349206349205 0.02753195673549656
0 0.7134920634920635 0.12979351032448377 0.046031746031746035 0.021632251720747297
0 0.5396825396825397 0.12930186823992135 0.050793650793650794 0.02064896755162242
0 0.3396825396825397 0.13274336283185842 0.047619047619047616 0.02753195673549656
0 0.2785714285714286 0.13274336283185842 0.03650793650793651 0.02753195673549656
0 0.22380952380952382 0.13028515240904623 0.0380952380952381 0.03048180924287119
0 0.16587301587301587 0.13225172074729596 0.03968253968253968 0.028515240904621438
0 0.17222222222222222 0.2866273352999017 0.03968253968253968 0.024582104228121928
0 0.25873015873015875 0.28515240904621436 0.04126984126984127 0.021632251720747297
0 0.32857142857142857 0.2871189773844641 0.0380952380952381 0.025565388397246806
0 0.3904761904761905 0.2866273352999017 0.03492063492063492 0.026548672566371685
0 0.476984126984127 0.28613569321533927 0.04285714285714286 0.02359882005899705
0 0.5436507936507936 0.2856440511307768 0.04285714285714286 0.022615535889872175
0 0.7817460317460317 0.3952802359882006 0.03650793650793651 0.02753195673549656
0 0.8587301587301587 0.3972468043264504 0.03492063492063492 0.021632251720747297
0 0.9531746031746031 0.3977384464110128 0.07777777777777778 0.028515240904621438
0 0.6833333333333333 0.3947885939036382 0.04285714285714286 0.026548672566371685
0 0.6063492063492063 0.3972468043264504 0.0380952380952381 0.029498525073746316
0 0.4793650793650794 0.3972468043264504 0.047619047619047616 0.029498525073746316
0 0.35714285714285715 0.3977384464110128 0.0380952380952381 0.022615535889872175
0 0.3880952380952381 0.44395280235988205 0.1126984126984127 0.028515240904621438
0 0.24444444444444444 0.4424778761061947 0.10158730158730159 0.021632251720747297
0 0.07301587301587302 0.4419862340216323 0.07301587301587302 0.02064896755162242
0 0.21904761904761905 0.6057030481809244 0.06666666666666667 0.057030481809242875
0 0.30396825396825394 0.6037364798426745 0.03650793650793651 0.02753195673549656
0 0.15476190476190477 0.6066863323500492 0.03968253968253968 0.02753195673549656
0 0.5904761904761905 0.6047197640117995 0.04126984126984127 0.02359882005899705
0 0.6634920634920635 0.6057030481809244 0.04126984126984127 0.02359882005899705
0 0.7420634920634921 0.6047197640117995 0.05238095238095238 0.025565388397246806
0 0.8166666666666667 0.604228121927237 0.04285714285714286 0.024582104228121928
0 0.8 0.684857423795477 0.044444444444444446 0.03048180924287119
0 0.8650793650793651 0.6858407079646018 0.0380952380952381 0.026548672566371685
0 0.6738095238095239 0.684857423795477 0.04285714285714286 0.022615535889872175
0 0.6150793650793651 0.6892822025565388 0.03968253968253968 0.025565388397246806
0 0.25476190476190474 0.6873156342182891 0.03333333333333333 0.025565388397246806
0 0.18333333333333332 0.683874139626352 0.04285714285714286 0.024582104228121928
0 0.2119047619047619 0.7492625368731564 0.049206349206349205 0.021632251720747297
0 0.33650793650793653 0.7517207472959686 0.044444444444444446 0.028515240904621438
2 0.23412698412698413 0.6106194690265487 0.023809523809523808 0.011799410029498525
1 0.2849206349206349 0.6760078662733531 0.014285714285714285 0.014749262536873158
1 0.8976190476190476 0.6755162241887906 0.014285714285714285 0.021632251720747297
