0 0.1912037037037037 0.2617283950617284 0.0712962962962963 0.09876543209876543
0 0.3625 0.2654320987654321 0.08055555555555556 0.10123456790123457
0 0.525 0.2660493827160494 0.07962962962962963 0.09999999999999999
0 0.6925925925925926 0.2679012345679012 0.07592592592592592 0.1111111111111111
0 0.8180555555555555 0.38641975308641974 0.08611111111111111 0.1037037037037037
0 0.6425925925925926 0.387037037037037 0.08518518518518518 0.10740740740740741
0 0.41435185185185186 0.3882716049382716 0.08055555555555556 0.10987654320987654
0 0.42129629629629634 0.5407407407407407 0.08888888888888889 0.1037037037037037
0 0.2189814814814815 0.5395061728395062 0.07685185185185185 0.10864197530864197
0 0.24444444444444446 0.38641975308641974 0.07407407407407407 0.10864197530864197
