0 0.4417892156862745 0.22957516339869283 0.05759803921568627 0.08986928104575163
0 0.5318627450980392 0.22222222222222224 0.06372549019607843 0.09150326797385622
0 0.625 0.2312091503267974 0.0661764705882353 0.09967320261437909
0 0.7457107843137255 0.21486928104575165 0.0625 0.10947712418300654
0 0.8278186274509803 0.22140522875816995 0.05514705882352941 0.08986928104575163
0 0.9283088235294118 0.21650326797385622 0.06985294117647059 0.09967320261437909
0 0.7083333333333334 0.3709150326797386 0.07352941176470588 0.08496732026143791
0 0.5379901960784313 0.3700980392156863 0.06862745098039216 0.08986928104575163
0 0.43995098039215685 0.37254901960784315 0.0661764705882353 0.09477124183006536
0 0.6188725490196079 0.5155228758169935 0.07352941176470588 0.08986928104575163
0 0.5551470588235294 0.6413398692810458 0.0857843137254902 0.08986928104575163
1 0.7763480392156863 0.32679738562091504 0.030637254901960783 0.042483660130718956
1 0.610906862745098 0.33496732026143794 0.028186274509803922 0.042483660130718956
