0 0.23055555555555557 0.3932098765432099 0.04814814814814815 0.0728395061728395
0 0.32592592592592595 0.3919753086419753 0.05555555555555556 0.07777777777777778
0 0.4365740740740741 0.3950617283950617 0.058333333333333334 0.07654320987654321
0 0.33333333333333337 0.5438271604938272 0.05740740740740741 0.06790123456790123
0 0.4337962962962963 0.5419753086419753 0.058333333333333334 0.07654320987654321
0 0.5370370370370371 0.5450617283950617 0.05925925925925926 0.08271604938271605
0 0.638425925925926 0.5487654320987654 0.0712962962962963 0.08765432098765431
0 0.5259259259259259 0.6709876543209876 0.11851851851851852 0.08024691358024691
0 0.46851851851851856 0.7925925925925926 0.05740740740740741 0.06666666666666667
0 0.34953703703703703 0.7950617283950617 0.062037037037037036 0.07407407407407407
0 0.3601851851851852 0.6697530864197531 0.12407407407407407 0.0728395061728395
