0 0.2425925925925926 0.21234567901234566 0.09074074074074075 0.08148148148148147
0 0.3805555555555556 0.21419753086419752 0.0925925925925926 0.08271604938271605
0 0.38703703703703707 0.3253086419753086 0.11296296296296297 0.08765432098765431
0 0.2425925925925926 0.32407407407407407 0.10555555555555556 0.08765432098765431
0 0.22731481481481483 0.437037037037037 0.10277777777777779 0.09135802469135802
0 0.3939814814814815 0.43950617283950616 0.1287037037037037 0.08395061728395062
0 0.14722222222222223 0.6185185185185185 0.08333333333333334 0.08395061728395062
0 0.2763888888888889 0.6203703703703703 0.08611111111111111 0.08765432098765431
0 0.41250000000000003 0.6209876543209877 0.049074074074074076 0.09382716049382715
0 0.5412037037037037 0.6216049382716049 0.058333333333333334 0.08518518518518518
0 0.7555555555555555 0.6166666666666667 0.05185185185185186 0.07777777777777778
0 0.8782407407407408 0.615432098765432 0.05648148148148149 0.07777777777777778
0 0.8541666666666667 0.7222222222222222 0.049074074074074076 0.07901234567901234
0 0.8245370370370371 0.8302469135802469 0.05277777777777778 0.06790123456790123
0 0.7106481481481481 0.8222222222222222 0.04722222222222222 0.07407407407407407
0 0.5064814814814815 0.8222222222222222 0.05555555555555556 0.07901234567901234
0 0.7546296296296297 0.7216049382716049 0.061111111111111116 0.0728395061728395
0 0.5240740740740741 0.7172839506172839 0.05740740740740741 0.08148148148148147
0 0.40694444444444444 0.7191358024691358 0.0712962962962963 0.07777777777777778
0 0.2740740740740741 0.7179012345679012 0.08148148148148149 0.08024691358024691
0 0.1527777777777778 0.7185185185185186 0.07037037037037037 0.08641975308641975
0 0.1486111111111111 0.8203703703703703 0.06944444444444445 0.07037037037037037
0 0.26944444444444443 0.8246913580246913 0.09444444444444444 0.07654320987654321
0 0.3976851851851852 0.8277777777777777 0.049074074074074076 0.08024691358024691
