1 0.22242647058823528 0.8712035995500563 0.009558823529411765 0.01687289088863892
1 0.15661764705882353 0.8734533183352082 0.007352941176470588 0.014623172103487066
1 0.1290441176470588 0.8734533183352082 0.009558823529411765 0.01912260967379078
1 0.7073529411764706 0.2784026996625422 0.008823529411764706 0.014623172103487066
1 0.6080882352941176 0.23115860517435322 0.0058823529411764705 0.012373453318335208
1 0.7113970588235294 0.17322834645669294 0.009558823529411765 0.022497187851518562
1 0.8470588235294118 0.17547806524184478 0.011764705882352941 0.015748031496062992
1 0.8783088235294118 0.09167604049493815 0.0125 0.01687289088863892
1 0.6779411764705883 0.010686164229471317 0.010294117647058823 0.021372328458942633
1 0.6518382352941177 0.011811023622047246 0.009558823529411765 0.014623172103487066
1 0.6330882352941176 0.012373453318335208 0.010294117647058823 0.015748031496062992
1 0.6525735294117647 0.09280089988751407 0.009558823529411765 0.01687289088863892
1 0.9165441176470588 0.2761529808773904 0.0125 0.01912260967379078
1 0.9224264705882352 0.33408323959505065 0.005147058823529412 0.015748031496062992
1 0.6566176470588235 0.31889763779527563 0.008823529411764706 0.01912260967379078
2 0.618014705882353 0.34251968503937014 0.009558823529411765 0.010123734533183354
1 0.8621323529411764 0.4808773903262093 0.008088235294117646 0.01687289088863892
1 0.8025735294117647 0.48143982002249724 0.006617647058823529 0.015748031496062992
1 0.7753676470588236 0.48143982002249724 0.008088235294117646 0.01799775028121485
1 0.6819852941176471 0.48425196850393704 0.009558823529411765 0.014623172103487066
1 0.65625 0.4808773903262093 0.005147058823529412 0.014623172103487066
1 0.5830882352941177 0.47975253093363335 0.010294117647058823 0.012373453318335208
1 0.5827205882352942 0.5331833520809899 0.011029411764705881 0.015748031496062992
1 0.6095588235294117 0.5326209223847019 0.008823529411764706 0.01687289088863892
1 0.66875 0.532058492688414 0.008088235294117646 0.013498312710911137
1 0.725 0.625984251968504 0.007352941176470588 0.01687289088863892
1 0.7577205882352941 0.625421822272216 0.011029411764705881 0.01799775028121485
1 0.7588235294117647 0.6771653543307087 0.010294117647058823 0.015748031496062992
1 0.59375 0.6788526434195726 0.006617647058823529 0.01687289088863892
1 0.7985294117647058 0.8115860517435322 0.008823529411764706 0.010123734533183354
1 0.8308823529411764 0.8115860517435322 0.011764705882352941 0.014623172103487066
1 0.6636029411764706 0.8098987626546682 0.009558823529411765 0.020247469066366708
1 0.7397058823529412 0.8098987626546682 0.008823529411764706 0.013498312710911137
1 0.7415441176470589 0.9527559055118111 0.005147058823529412 0.015748031496062992
1 0.7106617647058824 0.953880764904387 0.009558823529411765 0.011248593925759281
2 0.6507352941176471 0.9606299212598426 0.013235294117647059 0.015748031496062992
2 0.8235294117647058 0.18503937007874016 0.014705882352941176 0.012373453318335208
