1 0.21073825503355703 0.009107468123861567 0.01610738255033557 0.018214936247723135
1 0.2657718120805369 0.01092896174863388 0.010738255033557046 0.018214936247723135
1 0.3181208053691275 0.01092896174863388 0.010738255033557046 0.018214936247723135
1 0.42416107382550333 0.010018214936247723 0.013422818791946308 0.020036429872495445
1 0.24966442953020132 0.1848816029143898 0.013422818791946308 0.023679417122040074
1 0.31140939597315437 0.18670309653916212 0.008053691275167784 0.01639344262295082
1 0.3718120805369127 0.1848816029143898 0.01610738255033557 0.020036429872495445
1 0.48456375838926175 0.18761384335154827 0.010738255033557046 0.018214936247723135
1 0.474496644295302 0.2222222222222222 0.012080536912751677 0.018214936247723135
1 0.361744966442953 0.22404371584699453 0.009395973154362415 0.014571948998178506
1 0.2986577181208053 0.22313296903460839 0.009395973154362415 0.01639344262295082
1 0.2348993288590604 0.2222222222222222 0.010738255033557046 0.02185792349726776
1 0.22953020134228186 0.2987249544626594 0.008053691275167784 0.01092896174863388
1 0.312751677852349 0.302367941712204 0.008053691275167784 0.018214936247723135
1 0.5355704697986577 0.30145719489981787 0.008053691275167784 0.01639344262295082
1 0.39865771812080536 0.30327868852459017 0.008053691275167784 0.01639344262295082
1 0.823489932885906 0.08287795992714025 0.01476510067114094 0.01639344262295082
1 0.8818791946308724 0.08287795992714025 0.013422818791946308 0.01639344262295082
1 0.28187919463087246 0.11930783242258652 0.008053691275167784 0.01639344262295082
1 0.15302013422818792 0.12021857923497267 0.008053691275167784 0.018214936247723135
1 0.3496644295302013 0.6429872495446266 0.009395973154362415 0.018214936247723135
1 0.3402684563758389 0.680327868852459 0.009395973154362415 0.01639344262295082
1 0.42885906040268457 0.6812386156648452 0.009395973154362415 0.018214936247723135
2 0.24161073825503354 0.3697632058287796 0.03221476510067114 0.018214936247723135
2 0.29530201342281875 0.3697632058287796 0.0348993288590604 0.014571948998178506
2 0.2993288590604027 0.5245901639344263 0.026845637583892617 0.018214936247723135
2 0.43355704697986575 0.6712204007285975 0.042953020134228186 0.020036429872495445
2 0.5557046979865772 0.6703096539162113 0.11006711409395972 0.02185792349726776
2 0.5986577181208054 0.7422586520947176 0.04563758389261745 0.01639344262295082
2 0.587248322147651 0.8797814207650273 0.020134228187919462 0.014571948998178506
2 0.4100671140939597 0.8806921675774135 0.020134228187919462 0.009107468123861567
2 0.24697986577181208 0.8142076502732241 0.01879194630872483 0.018214936247723135
2 0.23355704697986576 0.74408014571949 0.0348993288590604 0.012750455373406192
2 0.3221476510067114 0.7459016393442623 0.03758389261744966 0.012750455373406192
2 0.4140939597315436 0.7468123861566485 0.038926174496644296 0.018214936247723135
2 0.5067114093959731 0.7459016393442623 0.036241610738255034 0.012750455373406192
2 0.32483221476510066 0.5983606557377049 0.040268456375838924 0.01639344262295082
2 0.385234899328859 0.6029143897996357 0.053691275167785234 0.014571948998178506
2 0.2134228187919463 0.6038251366120219 0.042953020134228186 0.01639344262295082
2 0.15570469798657718 0.6001821493624773 0.03758389261744966 0.01639344262295082
2 0.3228187919463087 0.2941712204007286 0.046979865771812075 0.01639344262295082
2 0.4080536912751678 0.29143897996357016 0.042953020134228186 0.02185792349726776
2 0.5355704697986577 0.29326047358834245 0.06442953020134227 0.02185792349726776
2 0.2557046979865772 0.9672131147540983 0.025503355704697986 0.01092896174863388
2 0.3348993288590604 0.9699453551912568 0.022818791946308724 0.01639344262295082
2 0.4174496644295302 0.9699453551912568 0.021476510067114093 0.012750455373406192
2 0.4664429530201342 0.9681238615664846 0.020134228187919462 0.012750455373406192
2 0.49798657718120803 0.8806921675774135 0.021476510067114093 0.01639344262295082
2 0.29463087248322145 0.8806921675774135 0.012080536912751677 0.009107468123861567
2 0.3657718120805369 0.8797814207650273 0.01476510067114094 0.014571948998178506
2 0.2187919463087248 0.9690346083788707 0.024161073825503355 0.01092896174863388
2 0.18590604026845636 0.9699453551912568 0.01476510067114094 0.012750455373406192
2 0.6302013422818792 0.8806921675774135 0.020134228187919462 0.01639344262295082
2 0.5402684563758389 0.8797814207650273 0.022818791946308724 0.01092896174863388
2 0.4496644295302013 0.8797814207650273 0.01879194630872483 0.014571948998178506
2 0.31677852348993285 0.8132969034608379 0.021476510067114093 0.012750455373406192
2 0.3651006711409396 0.8114754098360656 0.01879194630872483 0.01639344262295082
2 0.4147651006711409 0.5264116575591985 0.02953020134228188 0.014571948998178506
2 0.48523489932885905 0.5264116575591985 0.03355704697986577 0.01092896174863388
2 0.4154362416107382 0.039162112932604735 0.06308724832214765 0.01639344262295082
2 0.2046979865771812 0.037340619307832425 0.038926174496644296 0.009107468123861567
2 0.25973154362416107 0.037340619307832425 0.038926174496644296 0.01639344262295082
2 0.31543624161073824 0.040983606557377046 0.040268456375838924 0.023679417122040074
2 0.23355704697986576 0.29143897996357016 0.042953020134228186 0.02185792349726776
2 0.4476510067114094 0.3670309653916211 0.060402684563758385 0.01639344262295082
2 0.5194630872483221 0.4453551912568306 0.024161073825503355 0.012750455373406192
2 0.47583892617449663 0.44626593806921677 0.0174496644295302 0.018214936247723135
