1 0.19858156028368795 0.5188470066518847 0.017730496453900707 0.022172949002217293
1 0.4982269503546099 0.5997782705099778 0.010638297872340425 0.019955654101995565
1 0.3528368794326241 0.5997782705099778 0.010638297872340425 0.019955654101995565
1 0.24734042553191488 0.6008869179600886 0.012411347517730497 0.013303769401330377
1 0.17198581560283688 0.6008869179600886 0.014184397163120567 0.022172949002217293
3 0.7828014184397163 0.7671840354767184 0.015957446808510637 0.026607538802660754
3 0.2898936170212766 0.7649667405764967 0.012411347517730497 0.017738359201773836
2 0.2579787234042553 0.876940133037694 0.026595744680851064 0.011086474501108647
2 0.4104609929078014 0.876940133037694 0.02304964539007092 0.015521064301552107
2 0.7801418439716312 0.30155210643015523 0.14893617021276595 0.017738359201773836
2 0.22340425531914893 0.3004434589800443 0.14184397163120566 0.019955654101995565
2 0.17553191489361702 0.5055432372505543 0.11347517730496454 0.013303769401330377
