1 0.4310185185185185 0.22962962962962963 0.017592592592592594 0.0345679012345679
1 0.5550925925925926 0.23271604938271603 0.021296296296296296 0.028395061728395062
1 0.5407407407407407 0.3882716049382716 0.016666666666666666 0.03333333333333333
1 0.7453703703703703 0.38950617283950617 0.024074074074074074 0.03580246913580247
1 0.7143518518518519 0.6037037037037037 0.021296296296296296 0.02962962962962963
1 0.5310185185185186 0.6012345679012345 0.02314814814814815 0.02962962962962963
1 0.2138888888888889 0.6012345679012345 0.020370370370370372 0.037037037037037035
1 0.31574074074074077 0.7092592592592593 0.02592592592592593 0.030864197530864196
1 0.16990740740740742 0.7086419753086419 0.017592592592592594 0.02962962962962963
1 0.32685185185185184 0.49753086419753084 0.02592592592592593 0.037037037037037035
1 0.22083333333333335 0.3882716049382716 0.015740740740740743 0.03827160493827161
1 0.17037037037037037 0.495679012345679 0.022222222222222223 0.03333333333333333
