3 0.26132930513595165 0.679959100204499 0.012084592145015106 0.018404907975460124
3 0.438821752265861 0.679959100204499 0.010574018126888218 0.022494887525562373
3 0.5113293051359517 0.6830265848670757 0.010574018126888218 0.016359918200409
3 0.425226586102719 0.8098159509202455 0.010574018126888218 0.016359918200409
3 0.34894259818731116 0.794478527607362 0.006042296072507553 0.022494887525562373
3 0.2688821752265861 0.7965235173824131 0.015105740181268881 0.018404907975460124
2 0.24924471299093656 0.7167689161554193 0.03625377643504532 0.022494887525562373
2 0.4176737160120846 0.7167689161554193 0.06797583081570997 0.014314928425357875
2 0.4984894259818731 0.7137014314928426 0.03927492447129909 0.016359918200409
2 0.41540785498489424 0.8435582822085891 0.04229607250755287 0.018404907975460124
2 0.3285498489425982 0.8404907975460123 0.061933534743202415 0.016359918200409
2 0.2552870090634441 0.8404907975460123 0.045317220543806644 0.016359918200409
2 0.24622356495468278 0.803680981595092 0.01812688821752266 0.016359918200409
2 0.31344410876132933 0.803680981595092 0.022658610271903322 0.01226993865030675
2 0.3466767371601208 0.8803680981595093 0.013595166163141994 0.010224948875255624
