1 0.2513888888888889 0.1765432098765432 0.021296296296296296 0.0345679012345679
1 0.3138888888888889 0.17716049382716048 0.016666666666666666 0.03333333333333333
1 0.5120370370370371 0.17777777777777778 0.014814814814814815 0.03209876543209877
1 0.5731481481481482 0.1765432098765432 0.024074074074074074 0.03950617283950617
1 0.8699074074074075 0.2641975308641975 0.019444444444444445 0.03950617283950617
1 0.45787037037037037 0.26358024691358023 0.02314814814814815 0.028395061728395062
1 0.34074074074074073 0.2604938271604938 0.016666666666666666 0.0345679012345679
1 0.538425925925926 0.3475308641975309 0.017592592592592594 0.028395061728395062
1 0.875925925925926 0.4339506172839506 0.024074074074074074 0.03580246913580247
1 0.5699074074074074 0.432716049382716 0.017592592592592594 0.03827160493827161
1 0.45555555555555555 0.437037037037037 0.020370370370370372 0.03209876543209877
1 0.2601851851851852 0.4351851851851852 0.020370370370370372 0.03580246913580247
1 0.41620370370370374 0.6024691358024691 0.01388888888888889 0.03950617283950617
1 0.3351851851851852 0.6876543209876543 0.024074074074074074 0.0345679012345679
1 0.21851851851851853 0.6888888888888889 0.018518518518518517 0.03209876543209877
1 0.23101851851851854 0.774074074074074 0.017592592592592594 0.0345679012345679
1 0.3162037037037037 0.774074074074074 0.021296296296296296 0.0345679012345679
1 0.42083333333333334 0.8629629629629629 0.02314814814814815 0.037037037037037035
1 0.28240740740740744 0.8567901234567901 0.016666666666666666 0.03950617283950617
1 0.3060185185185185 0.9425925925925925 0.017592592592592594 0.03580246913580247
