3 0.4526143790849673 0.11764705882352941 0.029411764705882353 0.031862745098039214
1 0.5678104575163399 0.12193627450980392 0.01797385620915033 0.023284313725490197
2 0.4754901960784314 0.16789215686274508 0.33333333333333337 0.01715686274509804
2 0.5065359477124183 0.3125 0.32026143790849676 0.022058823529411763
2 0.565359477124183 0.45526960784313725 0.38562091503267976 0.030637254901960783
2 0.5416666666666666 0.5998774509803921 0.4362745098039216 0.023284313725490197
3 0.47058823529411764 0.25919117647058826 0.032679738562091505 0.03308823529411765
1 0.5874183006535948 0.2610294117647059 0.024509803921568627 0.031862745098039214
3 0.49101307189542487 0.4056372549019608 0.02777777777777778 0.02696078431372549
1 0.607843137254902 0.5410539215686274 0.0196078431372549 0.028186274509803922
1 0.440359477124183 0.6917892156862745 0.03104575163398693 0.028186274509803922
1 0.3423202614379085 0.7702205882352942 0.03104575163398693 0.03308823529411765
1 0.3357843137254902 0.8462009803921569 0.03104575163398693 0.030637254901960783
