1 0.2199074074074074 0.27098765432098765 0.017592592592592594 0.03580246913580247
1 0.3143518518518519 0.26666666666666666 0.025 0.0345679012345679
1 0.4851851851851852 0.27037037037037037 0.022222222222222223 0.0345679012345679
1 0.3773148148148148 0.3395061728395062 0.012037037037037037 0.03209876543209877
1 0.40231481481481485 0.41358024691358025 0.019444444444444445 0.037037037037037035
1 0.27083333333333337 0.4154320987654321 0.019444444444444445 0.030864197530864196
1 0.29212962962962963 0.3419753086419753 0.01388888888888889 0.0345679012345679
1 0.21805555555555556 0.341358024691358 0.015740740740740743 0.028395061728395062
1 0.20092592592592592 0.4148148148148148 0.018518518518518517 0.037037037037037035
1 0.19768518518518519 0.49506172839506174 0.008333333333333333 0.03209876543209877
1 0.25462962962962965 0.49753086419753084 0.011111111111111112 0.014814814814814815
1 0.3337962962962963 0.4962962962962963 0.010185185185185186 0.019753086419753086
2 0.22962962962962963 0.5074074074074074 0.014814814814814815 0.01728395061728395
2 0.13611111111111113 0.5111111111111111 0.014814814814814815 0.012345679012345678
1 0.513425925925926 0.8783950617283951 0.01388888888888889 0.030864197530864196
1 0.20972222222222223 0.8771604938271604 0.01388888888888889 0.028395061728395062
