3 0.04281767955801105 0.022012578616352203 0.022099447513812154 0.031446540880503145
1 0.12085635359116022 0.02358490566037736 0.017955801104972375 0.04088050314465409
3 0.15262430939226518 0.17767295597484278 0.015193370165745856 0.04716981132075472
1 0.356353591160221 0.17138364779874216 0.016574585635359115 0.04716981132075472
1 0.5172651933701657 0.1808176100628931 0.015193370165745856 0.04716981132075472
3 0.6263812154696132 0.17610062893081763 0.015193370165745856 0.06289308176100629
3 0.7382596685082873 0.17452830188679247 0.015193370165745856 0.059748427672955975
1 0.9392265193370165 0.17452830188679247 0.013812154696132596 0.04716981132075472
1 0.9875690607734806 0.17610062893081763 0.011049723756906077 0.04402515723270441
1 0.2410220994475138 0.31918238993710696 0.017955801104972375 0.04716981132075472
1 0.319060773480663 0.5644654088050315 0.016574585635359115 0.04716981132075472
2 0.24447513812154695 0.4025157232704403 0.20994475138121546 0.031446540880503145
2 0.4198895027624309 0.4025157232704403 0.08011049723756905 0.031446540880503145
0 0.7058011049723757 0.19025157232704404 0.5828729281767956 0.12264150943396226
0 0.5421270718232044 0.5770440251572327 0.040055248618784525 0.09748427672955975
0 0.2223756906077348 0.5770440251572327 0.04696132596685083 0.09748427672955975
0 0.2244475138121547 0.8254716981132076 0.04281767955801105 0.10377358490566038
0 0.5400552486187845 0.828616352201258 0.04696132596685083 0.10377358490566038
2 0.08770718232044199 0.39937106918238996 0.04834254143646409 0.025157232704402517
2 0.0904696132596685 0.6477987421383649 0.045580110497237564 0.031446540880503145
2 0.281767955801105 0.64937106918239 0.287292817679558 0.022012578616352203
2 0.5441988950276243 0.6525157232704403 0.17955801104972374 0.022012578616352203
2 0.5407458563535912 0.8930817610062893 0.17541436464088397 0.025157232704402517
2 0.2810773480662983 0.8962264150943396 0.2831491712707182 0.025157232704402517
2 0.08839779005524862 0.8977987421383649 0.04696132596685083 0.022012578616352203
1 0.319060773480663 0.8113207547169812 0.013812154696132596 0.03773584905660378
