1 0.4671296296296297 0.1648148148148148 0.026851851851851852 0.050617283950617285
1 0.7189814814814816 0.16419753086419753 0.028703703703703703 0.046913580246913576
1 0.6875 0.26481481481481484 0.02314814814814815 0.04814814814814815
1 0.3893518518518519 0.26296296296296295 0.028703703703703703 0.04938271604938271
1 0.3037037037037037 0.2611111111111111 0.02592592592592593 0.04074074074074074
1 0.29583333333333334 0.4191358024691358 0.025 0.04567901234567901
1 0.3805555555555556 0.42037037037037034 0.024074074074074074 0.050617283950617285
1 0.7384259259259259 0.4166666666666667 0.028703703703703703 0.050617283950617285
1 0.6310185185185185 0.5308641975308642 0.026851851851851852 0.05185185185185185
1 0.3824074074074074 0.5253086419753086 0.02777777777777778 0.04814814814814815
1 0.7782407407407408 0.6524691358024691 0.025 0.04814814814814815
1 0.862962962962963 0.7981481481481482 0.031481481481481485 0.04567901234567901
1 0.4138888888888889 0.795679012345679 0.024074074074074074 0.04814814814814815
1 0.3263888888888889 0.8049382716049382 0.02314814814814815 0.046913580246913576
1 0.4101851851851852 0.9080246913580247 0.024074074074074074 0.04567901234567901
1 0.6657407407407407 0.9074074074074074 0.02962962962962963 0.046913580246913576
1 0.3125 0.6518518518518518 0.025 0.046913580246913576
1 0.41064814814814815 0.6537037037037037 0.02314814814814815 0.04074074074074074
1 0.17407407407407408 0.04506172839506173 0.020370370370370372 0.03580246913580247
1 0.2550925925925926 0.04506172839506173 0.026851851851851852 0.04074074074074074
1 0.4550925925925926 0.043209876543209874 0.02314814814814815 0.05185185185185185
1 0.6675925925925926 0.044444444444444446 0.022222222222222223 0.05185185185185185
1 0.7546296296296297 0.04567901234567901 0.020370370370370372 0.044444444444444446
1 0.9412037037037038 0.04567901234567901 0.03425925925925926 0.04197530864197531
