1 0.2625 0.16419753086419753 0.01388888888888889 0.019753086419753086
1 0.4273148148148148 0.16358024691358025 0.019444444444444445 0.03580246913580247
1 0.575925925925926 0.24074074074074073 0.012962962962962964 0.027160493827160494
1 0.3851851851851852 0.3154320987654321 0.011111111111111112 0.025925925925925925
1 0.4240740740740741 0.3154320987654321 0.014814814814814815 0.028395061728395062
1 0.28564814814814815 0.31666666666666665 0.017592592592592594 0.025925925925925925
1 0.3666666666666667 0.3925925925925926 0.012962962962962964 0.03209876543209877
1 0.40370370370370373 0.39444444444444443 0.011111111111111112 0.025925925925925925
1 0.312962962962963 0.4691358024691358 0.014814814814814815 0.02962962962962963
1 0.26944444444444443 0.5462962962962963 0.014814814814814815 0.028395061728395062
1 0.3513888888888889 0.5469135802469136 0.015740740740740743 0.02962962962962963
1 0.43333333333333335 0.5432098765432098 0.011111111111111112 0.024691358024691357
1 0.24814814814814815 0.6246913580246913 0.014814814814814815 0.03209876543209877
1 0.2689814814814815 0.7012345679012345 0.015740740740740743 0.024691358024691357
1 0.5263888888888889 0.6975308641975309 0.017592592592592594 0.03209876543209877
1 0.7138888888888889 0.6975308641975309 0.020370370370370372 0.024691358024691357
