1 0.20370370370370372 0.25493827160493826 0.018518518518518517 0.03333333333333333
1 0.17962962962962964 0.341358024691358 0.012962962962962964 0.030864197530864196
1 0.1800925925925926 0.4308641975308642 0.012037037037037037 0.027160493827160494
1 0.18055555555555555 0.5191358024691358 0.011111111111111112 0.028395061728395062
1 0.5217592592592593 0.34012345679012346 0.015740740740740743 0.030864197530864196
1 0.4342592592592593 0.432716049382716 0.014814814814814815 0.028395061728395062
1 0.18287037037037038 0.774074074074074 0.015740740740740743 0.022222222222222223
1 0.6319444444444444 0.774074074074074 0.015740740740740743 0.03209876543209877
1 0.6375000000000001 0.8617283950617284 0.012037037037037037 0.02962962962962963
1 0.1824074074074074 0.861111111111111 0.016666666666666666 0.028395061728395062
