2 0.21627565982404692 0.04051172707889126 0.09530791788856305 0.021321961620469083
2 0.3284457478005865 0.039445628997867806 0.0967741935483871 0.014925373134328358
2 0.4442815249266862 0.039445628997867806 0.0967741935483871 0.019189765458422173
2 0.6114369501466276 0.04157782515991471 0.12609970674486803 0.019189765458422173
2 0.7008797653958945 0.20042643923240938 0.16422287390029325 0.017057569296375266
2 0.7023460410557185 0.35927505330490406 0.16129032258064516 0.014925373134328358
2 0.7067448680351907 0.4371002132196162 0.16715542521994134 0.01279317697228145
2 0.717008797653959 0.6066098081023454 0.16715542521994134 0.014925373134328358
2 0.5205278592375366 0.523454157782516 0.09090909090909091 0.023454157782515993
2 0.5073313782991202 0.4392324093816631 0.12903225806451613 0.017057569296375266
2 0.3687683284457478 0.43816631130063965 0.12756598240469208 0.014925373134328358
2 0.36070381231671556 0.2025586353944563 0.12316715542521994 0.017057569296375266
2 0.500733137829912 0.2025586353944563 0.1217008797653959 0.017057569296375266
1 0.5080645161290323 0.1695095948827292 0.013196480938416423 0.014925373134328358
2 0.5095307917888563 0.6087420042643923 0.10997067448680352 0.023454157782515993
2 0.8724340175953079 0.7814498933901919 0.12609970674486803 0.023454157782515993
2 0.4112903225806452 0.8688699360341151 0.09530791788856305 0.014925373134328358
2 0.5373900293255132 0.8688699360341151 0.12463343108504399 0.019189765458422173
2 0.22653958944281524 0.8688699360341151 0.036656891495601175 0.014925373134328358
2 0.2961876832844575 0.8678038379530917 0.04985337243401759 0.017057569296375266
2 0.22434017595307917 0.7825159914712153 0.093841642228739 0.017057569296375266
2 0.3357771260997067 0.7793176972281449 0.08504398826979472 0.010660980810234541
1 0.3658357771260997 0.16417910447761194 0.007331378299120235 0.0255863539445629
1 0.7096774193548387 0.16631130063965885 0.011730205278592375 0.021321961620469083
1 0.2280058651026393 0.17270788912579957 0.010263929618768328 0.029850746268656716
1 0.29105571847507333 0.2835820895522388 0.013196480938416423 0.021321961620469083
1 0.1590909090909091 0.2878464818763326 0.010263929618768328 0.029850746268656716
1 0.2287390029325513 0.326226012793177 0.005865102639296188 0.017057569296375266
1 0.3687683284457478 0.326226012793177 0.010263929618768328 0.017057569296375266
1 0.5102639296187683 0.32196162046908317 0.00879765395894428 0.021321961620469083
1 0.7089442815249267 0.326226012793177 0.013196480938416423 0.021321961620469083
2 0.2118768328445748 0.5202558635394456 0.0689149560117302 0.017057569296375266
2 0.7287390029325513 0.7825159914712153 0.12316715542521994 0.017057569296375266
2 0.40762463343108507 0.6940298507462687 0.04398826979472141 0.014925373134328358
2 0.5872434017595308 0.6940298507462687 0.060117302052785926 0.023454157782515993
2 0.5997067448680352 0.9520255863539445 0.12903225806451613 0.014925373134328358
2 0.7639296187683284 0.9541577825159915 0.07917888563049853 0.023454157782515993
2 0.250733137829912 0.953091684434968 0.08797653958944282 0.01279317697228145
2 0.23093841642228738 0.6940298507462687 0.04252199413489736 0.014925373134328358
2 0.23387096774193547 0.6087420042643923 0.1217008797653959 0.014925373134328358
2 0.37390029325513197 0.6087420042643923 0.12316715542521994 0.023454157782515993
