1 0.125 0.24753086419753087 0.02592592592592593 0.050617283950617285
1 0.35000000000000003 0.24876543209876542 0.02962962962962963 0.05802469135802469
1 0.5712962962962963 0.24691358024691357 0.031481481481481485 0.06172839506172839
1 0.7675925925925926 0.24567901234567902 0.02592592592592593 0.05185185185185185
1 0.9731481481481482 0.2580246913580247 0.02592592592592593 0.04938271604938271
1 0.9819444444444445 0.4104938271604938 0.028703703703703703 0.04814814814814815
1 0.9685185185185186 0.6179012345679012 0.020370370370370372 0.04814814814814815
1 0.9 0.832716049382716 0.022222222222222223 0.050617283950617285
1 0.6861111111111111 0.8364197530864197 0.02777777777777778 0.05555555555555555
1 0.7837962962962963 0.6179012345679012 0.025 0.043209876543209874
1 0.7675925925925926 0.4308641975308642 0.020370370370370372 0.044444444444444446
1 0.5671296296296297 0.4388888888888889 0.021296296296296296 0.04567901234567901
1 0.34351851851851856 0.437037037037037 0.018518518518518517 0.05925925925925926
1 0.33611111111111114 0.6203703703703703 0.024074074074074074 0.043209876543209874
1 0.5750000000000001 0.6240740740740741 0.03333333333333333 0.05555555555555555
1 0.39722222222222225 0.8444444444444444 0.02962962962962963 0.04938271604938271
1 0.13842592592592592 0.8438271604938271 0.030555555555555558 0.050617283950617285
1 0.1337962962962963 0.6265432098765432 0.028703703703703703 0.04814814814814815
1 0.12731481481481483 0.4493827160493827 0.02314814814814815 0.046913580246913576
