1 0.47496318114874814 0.0186219739292365 0.013254786450662739 0.0223463687150838
1 0.617820324005891 0.017690875232774673 0.007363770250368188 0.020484171322160148
1 0.7621502209131075 0.017690875232774673 0.013254786450662739 0.024208566108007448
1 0.8078055964653903 0.0186219739292365 0.007363770250368188 0.0148975791433892
1 0.9432989690721649 0.0186219739292365 0.013254786450662739 0.0186219739292365
1 0.9734904270986745 0.09683426443202979 0.014727540500736377 0.0186219739292365
1 0.8976435935198822 0.0186219739292365 0.007363770250368188 0.0223463687150838
1 0.9138438880706922 0.09590316573556797 0.010309278350515464 0.020484171322160148
1 0.8100147275405007 0.09683426443202979 0.008836524300441826 0.0260707635009311
1 0.7643593519882179 0.09869646182495344 0.017673048600883652 0.0223463687150838
1 0.6472754050073638 0.09683426443202979 0.007363770250368188 0.0186219739292365
1 0.5994108983799705 0.1005586592178771 0.008836524300441826 0.0260707635009311
1 0.5044182621502209 0.09683426443202979 0.013254786450662739 0.0223463687150838
1 0.37702503681885124 0.25232774674115455 0.014727540500736377 0.020484171322160148
1 0.7385861561119293 0.25232774674115455 0.016200294550810013 0.020484171322160148
1 0.7687776141384388 0.3249534450651769 0.017673048600883652 0.01303538175046555
1 0.853460972017673 0.3268156424581006 0.013254786450662739 0.020484171322160148
1 0.3895434462444772 0.3286778398510242 0.010309278350515464 0.01675977653631285
1 0.48748159057437407 0.32774674115456237 0.014727540500736377 0.0186219739292365
1 0.5832106038291606 0.5605214152700186 0.008836524300441826 0.0186219739292365
1 0.6701030927835051 0.6359404096834265 0.008836524300441826 0.020484171322160148
1 0.7268041237113402 0.6368715083798883 0.013254786450662739 0.0186219739292365
1 0.16642120765832105 0.6359404096834265 0.014727540500736377 0.01675977653631285
1 0.11119293078055964 0.6368715083798883 0.016200294550810013 0.0186219739292365
1 0.11782032400589101 0.7160148975791434 0.011782032400589101 0.024208566108007448
1 0.6561119293078056 0.7932960893854748 0.010309278350515464 0.0148975791433892
1 0.7223858615611193 0.7942271880819367 0.013254786450662739 0.01675977653631285
1 0.922680412371134 0.7932960893854748 0.016200294550810013 0.0223463687150838
1 0.727540500736377 0.8724394785847299 0.008836524300441826 0.027932960893854747
1 0.1840942562592047 0.8705772811918063 0.011782032400589101 0.01675977653631285
1 0.2533136966126657 0.7932960893854748 0.017673048600883652 0.0223463687150838
1 0.18188512518409425 0.7914338919925512 0.013254786450662739 0.0148975791433892
1 0.08468335787923417 0.9487895716945997 0.010309278350515464 0.01303538175046555
1 0.16642120765832105 0.9459962756052142 0.008836524300441826 0.0186219739292365
