2 0.27207207207207207 0.25432525951557095 0.0972972972972973 0.02422145328719723
2 0.6225225225225225 0.24913494809688583 0.06306306306306306 0.020761245674740483
2 0.645045045045045 0.39792387543252594 0.018018018018018018 0.020761245674740483
2 0.27837837837837837 0.411764705882353 0.0918918918918919 0.020761245674740483
2 0.34234234234234234 0.5657439446366782 0.0936936936936937 0.01730103806228374
1 0.23693693693693693 0.6730103806228374 0.012612612612612612 0.02422145328719723
0 0.24054054054054055 0.6799307958477508 0.08468468468468468 0.07958477508650519
0 0.26306306306306304 0.7871972318339101 0.08648648648648649 0.07958477508650519
1 0.25765765765765763 0.7785467128027682 0.018018018018018018 0.04152249134948097
2 0.1981981981981982 0.9134948096885813 0.05405405405405406 0.020761245674740483
2 0.13333333333333333 0.9169550173010381 0.021621621621621623 0.020761245674740483
