1 0.25277777777777777 0.30679012345679013 0.020370370370370372 0.03580246913580247
1 0.513425925925926 0.3055555555555555 0.021296296296296296 0.028395061728395062
1 0.7949074074074074 0.3074074074074074 0.025 0.0345679012345679
1 0.8268518518518518 0.4006172839506173 0.020370370370370372 0.025925925925925925
1 0.9046296296296297 0.6129629629629629 0.014814814814814815 0.030864197530864196
1 0.75 0.6944444444444444 0.018518518518518517 0.025925925925925925
1 0.9467592592592593 0.8209876543209876 0.015740740740740743 0.02962962962962963
1 0.649537037037037 0.821604938271605 0.017592592592592594 0.028395061728395062
1 0.5018518518518519 0.8222222222222222 0.016666666666666666 0.027160493827160494
1 0.6037037037037037 0.8938271604938272 0.016666666666666666 0.02962962962962963
1 0.41064814814814815 0.8944444444444444 0.021296296296296296 0.028395061728395062
1 0.2902777777777778 0.8222222222222222 0.019444444444444445 0.02962962962962963
1 0.3439814814814815 0.6129629629629629 0.017592592592592594 0.030864197530864196
1 0.49074074074074076 0.6135802469135803 0.022222222222222223 0.0345679012345679
1 0.4810185185185185 0.6950617283950618 0.017592592592592594 0.02962962962962963
1 0.5013888888888889 0.5080246913580246 0.017592592592592594 0.03333333333333333
1 0.5342592592592593 0.39999999999999997 0.016666666666666666 0.027160493827160494
1 0.3875 0.4024691358024691 0.021296296296296296 0.027160493827160494
