1 0.5018518518518519 0.12098765432098765 0.022222222222222223 0.03950617283950617
1 0.538425925925926 0.12469135802469136 0.026851851851851852 0.03950617283950617
1 0.6717592592592593 0.4388888888888889 0.02314814814814815 0.04074074074074074
1 0.6324074074074074 0.4382716049382716 0.016666666666666666 0.04197530864197531
1 0.5055555555555555 0.4364197530864197 0.02777777777777778 0.03580246913580247
1 0.2550925925925926 0.4388888888888889 0.017592592592592594 0.03827160493827161
1 0.42314814814814816 0.2833333333333333 0.024074074074074074 0.04074074074074074
1 0.3819444444444445 0.28641975308641976 0.021296296296296296 0.03950617283950617
1 0.3592592592592593 0.591358024691358 0.020370370370370372 0.0345679012345679
1 0.22777777777777777 0.5901234567901235 0.018518518518518517 0.0345679012345679
2 0.35694444444444445 0.145679012345679 0.04351851851851852 0.01728395061728395
2 0.24722222222222223 0.30123456790123454 0.0462962962962963 0.022222222222222223
2 0.16944444444444445 0.4537037037037037 0.03518518518518519 0.013580246913580247
2 0.3662037037037037 0.45493827160493827 0.026851851851851852 0.020987654320987655
2 0.1638888888888889 0.6061728395061728 0.02962962962962963 0.019753086419753086
