1 0.6338235294117647 0.00956130483689539 0.010294117647058823 0.014623172103487066
1 0.6525735294117647 0.012373453318335208 0.009558823529411765 0.013498312710911137
1 0.6761029411764706 0.014060742407199102 0.011029411764705881 0.01687289088863892
1 0.6507352941176471 0.09280089988751407 0.007352941176470588 0.01687289088863892
1 0.8779411764705882 0.09111361079865017 0.0058823529411764705 0.020247469066366708
1 0.8477941176470588 0.17547806524184478 0.0058823529411764705 0.015748031496062992
1 0.9169117647058823 0.2739032620922385 0.0029411764705882353 0.014623172103487066
1 0.9209558823529411 0.3368953880764905 0.006617647058823529 0.014623172103487066
1 0.65625 0.31889763779527563 0.013970588235294117 0.01687289088863892
1 0.7069852941176471 0.2739032620922385 0.008088235294117646 0.012373453318335208
1 0.7099264705882353 0.17604049493813276 0.006617647058823529 0.01687289088863892
1 0.7558823529411764 0.626546681664792 0.007352941176470588 0.011248593925759281
1 0.7238970588235294 0.625984251968504 0.006617647058823529 0.014623172103487066
1 0.7595588235294117 0.6777277840269967 0.007352941176470588 0.01687289088863892
1 0.5915441176470588 0.6766029246344207 0.008088235294117646 0.010123734533183354
1 0.6621323529411764 0.8093363329583803 0.008088235294117646 0.010123734533183354
1 0.7400735294117647 0.8098987626546682 0.009558823529411765 0.013498312710911137
1 0.7996323529411764 0.8098987626546682 0.009558823529411765 0.015748031496062992
1 0.8301470588235293 0.8104611923509563 0.007352941176470588 0.010123734533183354
1 0.22205882352941175 0.8706411698537684 0.004411764705882353 0.015748031496062992
1 0.15735294117647058 0.8734533183352082 0.007352941176470588 0.014623172103487066
1 0.12941176470588234 0.8717660292463443 0.008823529411764706 0.013498312710911137
1 0.7128676470588236 0.9527559055118111 0.006617647058823529 0.011248593925759281
1 0.7415441176470589 0.9510686164229473 0.008088235294117646 0.01912260967379078
2 0.6496323529411765 0.9634420697412824 0.015441176470588236 0.010123734533183354
2 0.618014705882353 0.34364454443194603 0.0125 0.014623172103487066
1 0.6077205882352941 0.2238470191226097 0.008088235294117646 0.015748031496062992
