1 0.25 0.1765432098765432 0.022222222222222223 0.022222222222222223
1 0.312962962962963 0.17592592592592593 0.018518518518518517 0.030864197530864196
1 0.5087962962962963 0.17407407407407408 0.017592592592592594 0.03209876543209877
1 0.5712962962962963 0.17530864197530863 0.014814814814814815 0.027160493827160494
1 0.8694444444444445 0.2623456790123457 0.020370370370370372 0.028395061728395062
1 0.8708333333333333 0.432716049382716 0.025 0.03580246913580247
1 0.5689814814814815 0.43209876543209874 0.019444444444444445 0.027160493827160494
1 0.538425925925926 0.34629629629629627 0.017592592592592594 0.043209876543209874
1 0.4620370370370371 0.2641975308641975 0.018518518518518517 0.037037037037037035
1 0.3416666666666667 0.26358024691358023 0.024074074074074074 0.028395061728395062
1 0.25833333333333336 0.4308641975308642 0.020370370370370372 0.03209876543209877
1 0.45555555555555555 0.4339506172839506 0.020370370370370372 0.028395061728395062
1 0.41481481481481486 0.6037037037037037 0.014814814814814815 0.03209876543209877
1 0.2199074074074074 0.691358024691358 0.01388888888888889 0.02962962962962963
1 0.33472222222222225 0.6901234567901234 0.019444444444444445 0.0345679012345679
1 0.3138888888888889 0.7765432098765432 0.020370370370370372 0.037037037037037035
1 0.23333333333333334 0.7746913580246914 0.016666666666666666 0.03333333333333333
1 0.28194444444444444 0.8592592592592593 0.021296296296296296 0.03209876543209877
1 0.41805555555555557 0.861111111111111 0.019444444444444445 0.025925925925925925
1 0.30694444444444446 0.9462962962962963 0.019444444444444445 0.030864197530864196
