1 0.32685185185185184 0.1808641975308642 0.022222222222222223 0.028395061728395062
1 0.5773148148148148 0.18209876543209877 0.021296296296296296 0.030864197530864196
1 0.48888888888888893 0.30123456790123454 0.016666666666666666 0.0345679012345679
1 0.8268518518518518 0.30061728395061726 0.012962962962962964 0.03333333333333333
1 0.7513888888888889 0.5432098765432098 0.01388888888888889 0.02962962962962963
1 0.6416666666666667 0.5438271604938272 0.012962962962962964 0.025925925925925925
1 0.49074074074074076 0.5450617283950617 0.018518518518518517 0.028395061728395062
1 0.4550925925925926 0.4783950617283951 0.015740740740740743 0.03333333333333333
1 0.45833333333333337 0.5438271604938272 0.014814814814814815 0.03333333333333333
1 0.46851851851851856 0.6234567901234568 0.014814814814814815 0.02962962962962963
1 0.5509259259259259 0.6253086419753087 0.014814814814814815 0.03333333333333333
1 0.5606481481481481 0.7154320987654321 0.015740740740740743 0.030864197530864196
1 0.5888888888888889 0.7049382716049383 0.014814814814814815 0.02962962962962963
1 0.49212962962962964 0.7172839506172839 0.017592592592592594 0.027160493827160494
1 0.6768518518518519 0.7925925925925926 0.016666666666666666 0.03209876543209877
1 0.6759259259259259 0.8802469135802469 0.018518518518518517 0.024691358024691357
1 0.5342592592592593 0.8783950617283951 0.020370370370370372 0.030864197530864196
