1 0.22083333333333335 0.27098765432098765 0.017592592592592594 0.025925925925925925
1 0.3106481481481482 0.27037037037037037 0.021296296296296296 0.03209876543209877
1 0.48379629629629634 0.27098765432098765 0.02314814814814815 0.03827160493827161
1 0.3768518518518519 0.3432098765432099 0.020370370370370372 0.02962962962962963
1 0.40370370370370373 0.41234567901234565 0.016666666666666666 0.0345679012345679
1 0.27222222222222225 0.4148148148148148 0.016666666666666666 0.027160493827160494
1 0.29120370370370374 0.3395061728395062 0.01388888888888889 0.022222222222222223
1 0.21851851851851853 0.34012345679012346 0.011111111111111112 0.025925925925925925
1 0.19907407407407407 0.4166666666666667 0.011111111111111112 0.028395061728395062
1 0.19722222222222224 0.49506172839506174 0.012962962962962964 0.019753086419753086
1 0.25462962962962965 0.49753086419753084 0.012962962962962964 0.019753086419753086
1 0.33472222222222225 0.49691358024691357 0.01388888888888889 0.018518518518518517
2 0.22962962962962963 0.5104938271604939 0.016666666666666666 0.008641975308641974
2 0.13796296296296298 0.512962962962963 0.02592592592592593 0.013580246913580247
1 0.5111111111111112 0.8765432098765432 0.012962962962962964 0.027160493827160494
1 0.20972222222222223 0.8771604938271604 0.019444444444444445 0.025925925925925925
