1 0.25416666666666665 0.30617283950617286 0.01388888888888889 0.03950617283950617
1 0.5069444444444444 0.3080246913580247 0.019444444444444445 0.030864197530864196
1 0.7907407407407407 0.30679012345679013 0.014814814814814815 0.03333333333333333
1 0.8250000000000001 0.4037037037037037 0.016666666666666666 0.0345679012345679
1 0.5328703703703704 0.3993827160493827 0.019444444444444445 0.028395061728395062
1 0.3893518518518519 0.4037037037037037 0.012037037037037037 0.02962962962962963
1 0.34305555555555556 0.6123456790123457 0.015740740740740743 0.027160493827160494
1 0.5050925925925926 0.508641975308642 0.019444444444444445 0.03209876543209877
1 0.9027777777777778 0.6098765432098765 0.020370370370370372 0.03209876543209877
1 0.7495370370370371 0.6950617283950618 0.021296296296296296 0.027160493827160494
1 0.9476851851851852 0.8197530864197531 0.017592592592592594 0.0345679012345679
1 0.4791666666666667 0.6938271604938272 0.017592592592592594 0.024691358024691357
1 0.4912037037037037 0.6104938271604938 0.017592592592592594 0.028395061728395062
1 0.65 0.8234567901234567 0.022222222222222223 0.03209876543209877
1 0.5013888888888889 0.8234567901234567 0.012037037037037037 0.027160493827160494
1 0.6060185185185185 0.8944444444444444 0.021296296296296296 0.030864197530864196
1 0.4115740740740741 0.8950617283950617 0.017592592592592594 0.027160493827160494
1 0.2898148148148148 0.8203703703703703 0.018518518518518517 0.030864197530864196
