1 0.21006711409395973 0.010018214936247723 0.006711409395973154 0.020036429872495445
2 0.2087248322147651 0.03825136612021858 0.03087248322147651 0.007285974499089253
1 0.26174496644295303 0.010018214936247723 0.010738255033557046 0.012750455373406192
2 0.2449664429530201 0.21493624772313297 0.04429530201342281 0.01092896174863388
2 0.30604026845637583 0.21584699453551912 0.04563758389261745 0.012750455373406192
2 0.29395973154362415 0.3679417122040073 0.040268456375838924 0.01092896174863388
2 0.4483221476510067 0.36885245901639346 0.056375838926174496 0.01639344262295082
2 0.43221476510067114 0.6675774134790529 0.04832214765100671 0.01639344262295082
2 0.5550335570469799 0.6712204007285975 0.11409395973154361 0.012750455373406192
2 0.6026845637583892 0.7449908925318761 0.056375838926174496 0.014571948998178506
2 0.41073825503355704 0.74408014571949 0.04563758389261745 0.020036429872495445
2 0.5040268456375838 0.7468123861566485 0.04429530201342281 0.014571948998178506
2 0.3825503355704698 0.6020036429872495 0.05906040268456376 0.01639344262295082
2 0.32483221476510066 0.6020036429872495 0.040268456375838924 0.012750455373406192
1 0.24832214765100669 0.18761384335154827 0.008053691275167784 0.014571948998178506
1 0.3731543624161074 0.18670309653916212 0.010738255033557046 0.012750455373406192
1 0.31140939597315437 0.18670309653916212 0.010738255033557046 0.020036429872495445
1 0.48456375838926175 0.18670309653916212 0.010738255033557046 0.01639344262295082
1 0.42348993288590603 0.011839708561020037 0.012080536912751677 0.023679417122040074
