1 0.16799999999999998 0.136 0.021333333333333333 0.016
1 0.7506666666666666 0.079 0.024 0.038
1 0.6386666666666666 0.136 0.029333333333333333 0.032
1 0.9079999999999999 0.133 0.04 0.03
1 0.72 0.302 0.048 0.036000000000000004
1 0.5946666666666667 0.311 0.026666666666666665 0.034
1 0.7373333333333333 0.558 0.024 0.02
1 0.736 0.616 0.026666666666666665 0.02
1 0.5146666666666666 0.676 0.016 0.024
1 0.2866666666666667 0.676 0.018666666666666665 0.02
1 0.292 0.733 0.018666666666666665 0.026000000000000002
1 0.5213333333333333 0.736 0.029333333333333333 0.024
1 0.29466666666666663 0.873 0.04 0.026000000000000002
