1 0.15075376884422112 0.16132264529058116 0.010050251256281407 0.014028056112224447
1 0.19535175879396985 0.15831663326653306 0.011306532663316583 0.024048096192384766
1 0.28454773869346733 0.16032064128256512 0.008793969849246231 0.024048096192384766
1 0.3812814070351759 0.15731462925851702 0.00628140703517588 0.022044088176352703
1 0.42839195979899497 0.16132264529058116 0.01507537688442211 0.014028056112224447
1 0.5018844221105527 0.1593186372745491 0.011306532663316583 0.018036072144288574
1 0.49309045226130654 0.24148296593186372 0.00628140703517588 0.022044088176352703
1 0.4434673366834171 0.24048096192384769 0.01507537688442211 0.024048096192384766
1 0.27449748743718594 0.24248496993987975 0.011306532663316583 0.024048096192384766
1 0.22738693467336685 0.24048096192384769 0.01256281407035176 0.02004008016032064
1 0.1300251256281407 0.24248496993987975 0.013819095477386936 0.02004008016032064
1 0.08479899497487438 0.24148296593186372 0.008793969849246231 0.022044088176352703
1 0.12374371859296483 0.7424849699398797 0.011306532663316583 0.018036072144288574
1 0.1727386934673367 0.7444889779559117 0.011306532663316583 0.022044088176352703
1 0.25816582914572866 0.7424849699398797 0.008793969849246231 0.022044088176352703
1 0.29962311557788945 0.7444889779559117 0.008793969849246231 0.026052104208416832
1 0.3479899497487437 0.7424849699398797 0.010050251256281407 0.018036072144288574
1 0.42022613065326636 0.7404809619238476 0.011306532663316583 0.018036072144288574
