1 0.26203703703703707 0.3037037037037037 0.016666666666666666 0.02962962962962963
1 0.5675925925925926 0.29753086419753083 0.016666666666666666 0.02962962962962963
1 0.5893518518518519 0.3969135802469136 0.019444444444444445 0.03827160493827161
1 0.6050925925925926 0.48209876543209873 0.01388888888888889 0.04074074074074074
1 0.6375000000000001 0.5790123456790124 0.019444444444444445 0.02962962962962963
1 0.5166666666666667 0.7561728395061729 0.014814814814814815 0.03827160493827161
1 0.5226851851851853 0.8444444444444444 0.019444444444444445 0.037037037037037035
1 0.3726851851851852 0.8444444444444444 0.019444444444444445 0.027160493827160494
1 0.3824074074074074 0.7561728395061729 0.016666666666666666 0.030864197530864196
1 0.2828703703703704 0.7598765432098765 0.017592592592592594 0.03333333333333333
1 0.2833333333333333 0.8506172839506173 0.016666666666666666 0.03209876543209877
1 0.2939814814814815 0.5858024691358025 0.015740740740740743 0.03333333333333333
1 0.28703703703703703 0.49506172839506174 0.016666666666666666 0.0345679012345679
1 0.27175925925925926 0.40555555555555556 0.017592592592592594 0.030864197530864196
