2 0.22340425531914893 0.29933481152993346 0.1347517730496454 0.017738359201773836
2 0.773936170212766 0.30155210643015523 0.15425531914893617 0.013303769401330377
2 0.17375886524822695 0.5077605321507761 0.11347517730496454 0.022172949002217293
1 0.19592198581560283 0.5177383592017738 0.012411347517730497 0.019955654101995565
1 0.17375886524822695 0.5975609756097561 0.010638297872340425 0.019955654101995565
1 0.24645390070921985 0.5997782705099778 0.014184397163120567 0.024390243902439025
1 0.3519503546099291 0.6008869179600886 0.015957446808510637 0.022172949002217293
1 0.5 0.6019955654101996 0.014184397163120567 0.024390243902439025
3 0.7810283687943262 0.7660753880266076 0.015957446808510637 0.019955654101995565
3 0.28812056737588654 0.7671840354767184 0.012411347517730497 0.022172949002217293
2 0.4078014184397163 0.876940133037694 0.024822695035460994 0.011086474501108647
2 0.2641843971631206 0.8758314855875832 0.024822695035460994 0.013303769401330377
