2 0.6381074168797954 0.03500897666068223 0.03580562659846548 0.012567324955116697
2 0.7250639386189259 0.4263913824057451 0.01790281329923274 0.012567324955116697
2 0.7276214833759591 0.5008976660682226 0.04603580562659847 0.010771992818671455
2 0.5959079283887468 0.5017953321364452 0.0792838874680307 0.01974865350089767
2 0.5991048593350384 0.5763016157989228 0.07289002557544758 0.010771992818671455
2 0.60230179028133 0.6642728904847397 0.0792838874680307 0.017953321364452424
2 0.7423273657289003 0.6633752244165171 0.014066496163682865 0.012567324955116697
2 0.7295396419437341 0.5754039497307002 0.04987212276214834 0.01615798922800718
0 0.7627877237851663 0.7648114901256733 0.08056265984654733 0.0466786355475763
2 0.5888746803069054 0.8734290843806104 0.054987212276214836 0.01974865350089767
2 0.6016624040920716 0.7791741472172352 0.08312020460358056 0.02154398563734291
2 0.10294117647058824 0.6086175942549372 0.05242966751918159 0.01436265709156194
2 0.10805626598465475 0.362657091561939 0.06777493606138107 0.017953321364452424
2 0.29028132992327366 0.20017953321364454 0.030690537084398978 0.012567324955116697
2 0.16560102301790283 0.10861759425493717 0.03964194373401535 0.012567324955116697
2 0.36317135549872126 0.1992818671454219 0.015345268542199489 0.010771992818671455
2 0.09079283887468031 0.1992818671454219 0.02813299232736573 0.01436265709156194
2 0.10358056265984655 0.2755834829443447 0.04859335038363172 0.012567324955116697
2 0.10358056265984655 0.6876122082585279 0.05370843989769821 0.017953321364452424
2 0.5748081841432225 0.9649910233393179 0.0370843989769821 0.012567324955116697
2 0.6611253196930947 0.8725314183123878 0.012787723785166242 0.00718132854578097
2 0.592071611253197 0.4254937163375225 0.06649616368286446 0.017953321364452424
1 0.1950127877237852 0.5987432675044884 0.011508951406649617 0.01615798922800718
1 0.19245524296675193 0.6732495511669659 0.011508951406649617 0.017953321364452424
1 0.10485933503836319 0.6947935368043088 0.012787723785166242 0.017953321364452424
1 0.11189258312020461 0.6220825852782765 0.011508951406649617 0.01615798922800718
1 0.1329923273657289 0.3806104129263914 0.0076726342710997444 0.01436265709156194
1 0.5773657289002558 0.5107719928186715 0.00895140664961637 0.01974865350089767
1 0.6176470588235294 0.5098743267504489 0.012787723785166242 0.02154398563734291
1 0.5786445012787724 0.43447037701974867 0.006393861892583121 0.017953321364452424
1 0.6170076726342711 0.4362657091561939 0.00895140664961637 0.02154398563734291
1 0.2953964194373402 0.2118491921005386 0.012787723785166242 0.017953321364452424
1 0.592071611253197 0.7926391382405745 0.010230179028132993 0.01615798922800718
1 0.7506393861892584 0.7621184919210054 0.0076726342710997444 0.01974865350089767
1 0.792838874680307 0.7585278276481149 0.010230179028132993 0.01615798922800718
1 0.6361892583120206 0.7917414721723519 0.011508951406649617 0.017953321364452424
1 0.5927109974424553 0.6813285457809695 0.00895140664961637 0.01974865350089767
1 0.6323529411764707 0.6795332136445242 0.00895140664961637 0.01974865350089767
1 0.5837595907928389 0.5861759425493717 0.014066496163682865 0.01615798922800718
1 0.6195652173913044 0.5825852782764812 0.014066496163682865 0.01615798922800718
0 0.5863171355498722 0.7944344703770198 0.03964194373401535 0.04129263913824058
0 0.6067774936061382 0.6876122082585279 0.08567774936061381 0.0466786355475763
0 0.11317135549872123 0.38240574506283664 0.06521739130434784 0.0466786355475763
0 0.579923273657289 0.9793536804308798 0.03452685421994885 0.03770197486535009
