1 0.22653958944281524 0.1673773987206823 0.010263929618768328 0.023454157782515993
1 0.3651026392961877 0.1695095948827292 0.011730205278592375 0.023454157782515993
2 0.35997067448680353 0.2025586353944563 0.1217008797653959 0.01279317697228145
2 0.500733137829912 0.2025586353944563 0.1187683284457478 0.021321961620469083
2 0.7001466275659824 0.20042643923240938 0.1627565982404692 0.008528784648187633
2 0.7045454545454546 0.3582089552238806 0.17155425219941348 0.01279317697228145
2 0.7052785923753666 0.43496801705756927 0.16715542521994134 0.01279317697228145
2 0.7140762463343109 0.6098081023454157 0.16422287390029325 0.017057569296375266
2 0.7287390029325513 0.7825159914712153 0.12316715542521994 0.01279317697228145
2 0.873900293255132 0.7803837953091685 0.12609970674486803 0.017057569296375266
2 0.9303519061583577 0.9509594882729211 0.030791788856304986 0.017057569296375266
2 0.5249266862170088 0.5181236673773987 0.093841642228739 0.021321961620469083
2 0.5168621700879765 0.6087420042643923 0.13636363636363635 0.019189765458422173
2 0.5117302052785924 0.6929637526652452 0.05278592375366569 0.01279317697228145
2 0.5615835777126099 0.7825159914712153 0.09970674486803519 0.017057569296375266
2 0.4479472140762463 0.7825159914712153 0.09824046920821114 0.021321961620469083
2 0.3350439882697947 0.7814498933901919 0.09824046920821114 0.014925373134328358
2 0.2221407624633431 0.7825159914712153 0.08944281524926687 0.01279317697228145
2 0.23020527859237536 0.8678038379530917 0.04398826979472141 0.017057569296375266
2 0.41275659824046923 0.8688699360341151 0.09237536656891496 0.014925373134328358
2 0.5381231671554252 0.8656716417910447 0.13196480938416422 0.021321961620469083
2 0.6004398826979472 0.953091684434968 0.13049853372434017 0.021321961620469083
2 0.4208211143695015 0.9520255863539445 0.12609970674486803 0.010660980810234541
2 0.23826979472140764 0.6087420042643923 0.1217008797653959 0.014925373134328358
2 0.3775659824046921 0.6098081023454157 0.12463343108504399 0.017057569296375266
2 0.40689149560117305 0.6950959488272921 0.04252199413489736 0.017057569296375266
2 0.2925219941348974 0.6940298507462687 0.04252199413489736 0.019189765458422173
2 0.34750733137829914 0.6940298507462687 0.04398826979472141 0.010660980810234541
2 0.21334310850439883 0.523454157782516 0.06598240469208211 0.023454157782515993
2 0.29838709677419356 0.5191897654584222 0.060117302052785926 0.014925373134328358
2 0.38563049853372433 0.5202558635394456 0.06451612903225806 0.01279317697228145
1 0.3680351906158358 0.3251599147121535 0.01466275659824047 0.014925373134328358
1 0.5087976539589443 0.3272921108742004 0.01759530791788856 0.023454157782515993
1 0.7096774193548387 0.32409381663113007 0.01466275659824047 0.017057569296375266
1 0.7118768328445748 0.1673773987206823 0.01906158357771261 0.019189765458422173
1 0.5080645161290323 0.16631130063965885 0.013196480938416423 0.017057569296375266
1 0.2873900293255132 0.2846481876332623 0.011730205278592375 0.019189765458422173
1 0.42302052785923755 0.2846481876332623 0.013196480938416423 0.023454157782515993
1 0.2287390029325513 0.3272921108742004 0.01466275659824047 0.023454157782515993
1 0.16202346041055718 0.2835820895522388 0.010263929618768328 0.017057569296375266
