1 0.7533333333333333 0.08 0.029333333333333333 0.036000000000000004
1 0.6346666666666666 0.134 0.026666666666666665 0.032
1 0.9026666666666666 0.13 0.034666666666666665 0.028
1 0.424 0.14400000000000002 0.021333333333333333 0.02
1 0.416 0.20400000000000001 0.032 0.028
1 0.16266666666666665 0.202 0.026666666666666665 0.032
1 0.16666666666666666 0.14300000000000002 0.024 0.026000000000000002
1 0.716 0.3 0.04533333333333333 0.04
1 0.5906666666666667 0.31 0.034666666666666665 0.036000000000000004
1 0.736 0.557 0.021333333333333333 0.026000000000000002
1 0.7386666666666667 0.619 0.032 0.026000000000000002
1 0.29333333333333333 0.677 0.032 0.03
1 0.516 0.676 0.018666666666666665 0.02
1 0.5186666666666666 0.734 0.024 0.02
1 0.29466666666666663 0.738 0.029333333333333333 0.024
1 0.29466666666666663 0.874 0.018666666666666665 0.028
1 0.324 0.98 0.029333333333333333 0.024
