1 0.2744916820702403 0.1590551181102362 0.02033271719038817 0.01889763779527559
2 0.710720887245841 0.16692913385826771 0.08687615526802218 0.01889763779527559
1 0.7412199630314232 0.1779527559055118 0.018484288354898334 0.01889763779527559
0 0.7171903881700554 0.18503937007874016 0.08872458410351201 0.04251968503937008
0 0.7393715341959335 0.2606299212598425 0.09981515711645102 0.04251968503937008
1 0.7689463955637708 0.25354330708661416 0.022181146025878003 0.01889763779527559
2 0.7384473197781886 0.24015748031496062 0.11275415896487985 0.023622047244094488
1 0.711645101663586 0.32440944881889766 0.022181146025878003 0.012598425196850394
1 0.7476894639556377 0.38976377952755903 0.02033271719038817 0.02047244094488189
1 0.7255083179297597 0.5078740157480315 0.0166358595194085 0.029921259842519685
1 0.7255083179297597 0.5811023622047244 0.02033271719038817 0.01889763779527559
1 0.3068391866913124 0.20078740157480315 0.014787430683918669 0.02047244094488189
2 0.29852125693160814 0.3811023622047244 0.05730129390018484 0.015748031496062992
2 0.7255083179297597 0.3826771653543307 0.08317929759704251 0.009448818897637795
2 0.6968576709796672 0.31496062992125984 0.08502772643253234 0.012598425196850394
2 0.5988909426987061 0.5196850393700787 0.08502772643253234 0.015748031496062992
2 0.5970425138632163 0.5921259842519685 0.07763401109057301 0.015748031496062992
2 0.6691312384473198 0.758267716535433 0.04066543438077634 0.011023622047244094
2 0.17837338262476896 0.7196850393700788 0.08687615526802218 0.015748031496062992
2 0.266173752310536 0.7204724409448818 0.025878003696857672 0.011023622047244094
2 0.3585951940850277 0.721259842519685 0.022181146025878003 0.012598425196850394
2 0.3539741219963031 0.7905511811023622 0.06099815157116451 0.01889763779527559
2 0.6182994454713493 0.925984251968504 0.11645101663585952 0.01889763779527559
2 0.19685767097966728 0.9322834645669291 0.10905730129390018 0.015748031496062992
2 0.18299445471349352 0.8645669291338582 0.08872458410351201 0.009448818897637795
2 0.35027726432532347 0.8645669291338582 0.05730129390018484 0.015748031496062992
2 0.36229205175600737 0.9283464566929134 0.018484288354898334 0.014173228346456693
2 0.27264325323475047 0.7913385826771654 0.038817005545286505 0.023622047244094488
2 0.18299445471349352 0.7905511811023622 0.08872458410351201 0.012598425196850394
1 0.16358595194085027 0.8 0.02033271719038817 0.015748031496062992
1 0.21811460258780035 0.8 0.018484288354898334 0.01889763779527559
1 0.16358595194085027 0.8692913385826772 0.024029574861367836 0.01889763779527559
1 0.21719038817005545 0.8700787401574803 0.024029574861367836 0.01732283464566929
1 0.1866913123844732 0.9425196850393701 0.018484288354898334 0.01732283464566929
1 0.23844731977818853 0.9417322834645669 0.022181146025878003 0.01889763779527559
1 0.6062846580406654 0.9354330708661417 0.011090573012939002 0.012598425196850394
1 0.6635859519408502 0.937007874015748 0.018484288354898334 0.015748031496062992
1 0.821626617375231 0.9141732283464566 0.009242144177449167 0.01732283464566929
1 0.8733826247689463 0.9125984251968504 0.0166358595194085 0.014173228346456693
0 0.833641404805915 0.9188976377952756 0.11829944547134935 0.04566929133858268
0 0.6247689463955638 0.9440944881889763 0.12199630314232902 0.03622047244094488
0 0.2088724584103512 0.9519685039370078 0.1256931608133087 0.03937007874015748
0 0.19316081330868762 0.8031496062992126 0.11275415896487985 0.03464566929133858
1 0.609981515711645 0.5952755905511811 0.018484288354898334 0.015748031496062992
1 0.16358595194085027 0.7307086614173228 0.02033271719038817 0.02204724409448819
1 0.2199630314232902 0.7299212598425197 0.025878003696857672 0.014173228346456693
