1 0.31574074074074077 0.2604938271604938 0.012962962962962964 0.022222222222222223
1 0.4726851851851852 0.26296296296296295 0.015740740740740743 0.02962962962962963
1 0.5819444444444445 0.2611111111111111 0.010185185185185186 0.025925925925925925
1 0.8092592592592593 0.2623456790123457 0.014814814814814815 0.028395061728395062
1 0.9013888888888889 0.2641975308641975 0.012037037037037037 0.022222222222222223
1 0.8064814814814815 0.4265432098765432 0.016666666666666666 0.020987654320987655
1 0.26296296296296295 0.5117283950617284 0.011111111111111112 0.020987654320987655
1 0.3717592592592593 0.5123456790123456 0.01388888888888889 0.027160493827160494
1 0.5152777777777778 0.5117283950617284 0.019444444444444445 0.025925925925925925
1 0.11990740740740741 0.5104938271604939 0.012037037037037037 0.023456790123456788
1 0.18703703703703706 0.34382716049382717 0.011111111111111112 0.020987654320987655
