3 0.04074585635359116 0.02358490566037736 0.023480662983425413 0.03459119496855346
1 0.12085635359116022 0.02358490566037736 0.012430939226519336 0.04088050314465409
1 0.35773480662983426 0.17610062893081763 0.013812154696132596 0.04402515723270441
1 0.5172651933701657 0.17138364779874216 0.015193370165745856 0.04088050314465409
3 0.6256906077348066 0.17767295597484278 0.011049723756906077 0.04716981132075472
3 0.7375690607734806 0.1729559748427673 0.016574585635359115 0.050314465408805034
1 0.9399171270718232 0.17767295597484278 0.012430939226519336 0.05345911949685535
1 0.9854972375690607 0.17767295597484278 0.012430939226519336 0.05345911949685535
3 0.15331491712707182 0.17767295597484278 0.019337016574585635 0.02830188679245283
1 0.24240331491712705 0.3176100628930818 0.017955801104972375 0.04402515723270441
2 0.08632596685082873 0.39937106918238996 0.0511049723756906 0.031446540880503145
2 0.2430939226519337 0.4025157232704403 0.2154696132596685 0.031446540880503145
2 0.42058011049723754 0.4009433962264151 0.08701657458563536 0.03459119496855346
2 0.2852209944751381 0.6477987421383649 0.2859116022099447 0.031446540880503145
1 0.3197513812154696 0.5691823899371069 0.015193370165745856 0.04402515723270441
2 0.5421270718232044 0.6509433962264152 0.16988950276243092 0.025157232704402517
0 0.5400552486187845 0.8223270440251573 0.04143646408839779 0.09748427672955975
1 0.31837016574585636 0.8144654088050315 0.015193370165745856 0.04402515723270441
2 0.5414364640883977 0.89937106918239 0.17403314917127072 0.03773584905660378
2 0.2824585635359116 0.8962264150943396 0.2803867403314917 0.031446540880503145
0 0.2244475138121547 0.8270440251572327 0.04834254143646409 0.08805031446540881
2 0.09116022099447513 0.8946540880503145 0.04696132596685083 0.02830188679245283
2 0.08908839779005524 0.6462264150943396 0.045580110497237564 0.02830188679245283
0 0.7078729281767956 0.1949685534591195 0.5787292817679558 0.14465408805031446
