1 0.712962962962963 0.2845679012345679 0.012962962962962964 0.025925925925925925
1 0.763888888888889 0.2820987654320988 0.011111111111111112 0.020987654320987655
1 0.7416666666666667 0.3654320987654321 0.011111111111111112 0.03209876543209877
1 0.638888888888889 0.3654320987654321 0.009259259259259259 0.019753086419753086
1 0.5884259259259259 0.36419753086419754 0.008333333333333333 0.019753086419753086
1 0.6078703703703704 0.44135802469135804 0.01388888888888889 0.023456790123456788
1 0.6939814814814815 0.4407407407407407 0.010185185185185186 0.022222222222222223
1 0.6856481481481482 0.5185185185185185 0.01388888888888889 0.02962962962962963
1 0.6013888888888889 0.5209876543209876 0.010185185185185186 0.019753086419753086
1 0.625462962962963 0.591358024691358 0.012037037037037037 0.024691358024691357
1 0.6763888888888889 0.5901234567901235 0.012037037037037037 0.024691358024691357
1 0.7236111111111111 0.5901234567901235 0.008333333333333333 0.024691358024691357
1 0.763888888888889 0.5907407407407407 0.011111111111111112 0.025925925925925925
1 0.7037037037037037 0.6641975308641975 0.011111111111111112 0.019753086419753086
1 0.7875 0.667283950617284 0.010185185185185186 0.018518518518518517
1 0.6787037037037037 0.7450617283950617 0.009259259259259259 0.023456790123456788
1 0.750462962962963 0.7487654320987654 0.006481481481481482 0.025925925925925925
3 0.7490740740740741 0.4425925925925926 0.011111111111111112 0.025925925925925925
3 0.7893518518518519 0.44320987654320987 0.010185185185185186 0.019753086419753086
3 0.7361111111111112 0.5185185185185185 0.009259259259259259 0.019753086419753086
3 0.774537037037037 0.5179012345679013 0.012037037037037037 0.018518518518518517
3 0.5949074074074074 0.6648148148148147 0.010185185185185186 0.016049382716049384
3 0.6444444444444445 0.6648148148148147 0.011111111111111112 0.023456790123456788
3 0.8347222222222223 0.6641975308641975 0.012037037037037037 0.022222222222222223
3 0.7907407407407407 0.7450617283950617 0.009259259259259259 0.016049382716049384
3 0.6273148148148149 0.7462962962962962 0.006481481481481482 0.016049382716049384
3 0.5842592592592593 0.745679012345679 0.007407407407407408 0.024691358024691357
