1 0.4822222222222222 0.08166666666666667 0.03111111111111111 0.03333333333333333
1 0.48777777777777775 0.14666666666666667 0.028888888888888888 0.023333333333333334
1 0.3922222222222222 0.225 0.028888888888888888 0.04666666666666667
1 0.5266666666666666 0.2041666666666667 0.03111111111111111 0.028333333333333335
1 0.8144444444444444 0.1525 0.028888888888888888 0.03166666666666667
2 0.5455555555555556 0.25 0.15333333333333332 0.023333333333333334
1 0.3844444444444444 0.33666666666666667 0.03111111111111111 0.030000000000000002
2 0.5788888888888889 0.3591666666666667 0.3 0.021666666666666667
1 0.3977777777777778 0.44083333333333335 0.03111111111111111 0.025
1 0.3388888888888889 0.5475 0.03333333333333333 0.025
1 0.37666666666666665 0.6183333333333334 0.028888888888888888 0.03333333333333333
