3 0.14944834503510532 0.26269315673289184 0.010030090270812437 0.039735099337748346
3 0.1489468405215647 0.5507726269315674 0.009027081243731194 0.04194260485651214
3 0.25576730190571717 0.5540838852097131 0.01805416248746239 0.04415011037527594
3 0.5707121364092277 0.2847682119205298 0.006018054162487463 0.03532008830022075
3 0.6970912738214644 0.7792494481236203 0.014042126379137413 0.03532008830022075
3 0.8440320962888666 0.7836644591611479 0.013039117352056168 0.04415011037527594
3 0.925777331995988 0.5883002207505519 0.010030090270812437 0.04194260485651214
3 0.302407221664995 0.7582781456953642 0.013039117352056168 0.037527593818984545
3 0.3741223671013039 0.7593818984547461 0.014042126379137413 0.03532008830022075
3 0.2156469408224674 0.7527593818984547 0.00802407221664995 0.04415011037527594
3 0.1579739217652959 0.7538631346578366 0.015045135406218655 0.04194260485651214
1 0.238716148445336 0.7439293598233996 0.00802407221664995 0.039735099337748346
1 0.399197592778335 0.7516556291390728 0.0160481444332999 0.02869757174392936
3 0.7973921765295887 0.5849889624724062 0.0160481444332999 0.04415011037527594
