1 0.47643593519882177 0.01675977653631285 0.016200294550810013 0.0260707635009311
1 0.617820324005891 0.017690875232774673 0.010309278350515464 0.01675977653631285
1 0.7628865979381443 0.019553072625698324 0.017673048600883652 0.027932960893854747
1 0.8085419734904271 0.017690875232774673 0.014727540500736377 0.020484171322160148
1 0.8961708394698086 0.0186219739292365 0.013254786450662739 0.0223463687150838
1 0.9425625920471281 0.01675977653631285 0.020618556701030927 0.0297951582867784
1 0.9123711340206185 0.09590316573556797 0.016200294550810013 0.020484171322160148
1 0.9727540500736377 0.09683426443202979 0.013254786450662739 0.0111731843575419
1 0.7650957290132547 0.09869646182495344 0.004418262150220913 0.0148975791433892
1 0.8092783505154639 0.09683426443202979 0.010309278350515464 0.0186219739292365
1 0.7378497790868924 0.25139664804469275 0.011782032400589101 0.0186219739292365
1 0.3784977908689249 0.2504655493482309 0.008836524300441826 0.024208566108007448
1 0.38880706921944036 0.33147113594040967 0.014727540500736377 0.0335195530726257
1 0.48674521354933725 0.3240223463687151 0.010309278350515464 0.0186219739292365
1 0.10603829160530191 0.5586592178770949 0.008836524300441826 0.0223463687150838
1 0.10972017673048601 0.6378026070763501 0.010309278350515464 0.020484171322160148
1 0.16715758468335787 0.6359404096834265 0.010309278350515464 0.024208566108007448
1 0.11487481590574374 0.7132216014897579 0.011782032400589101 0.0186219739292365
1 0.18188512518409425 0.7951582867783985 0.007363770250368188 0.0186219739292365
1 0.2540500736377025 0.7914338919925512 0.010309278350515464 0.0186219739292365
1 0.7054491899852724 0.7178770949720671 0.008836524300441826 0.01675977653631285
1 0.6001472754050073 0.7169459962756052 0.016200294550810013 0.0223463687150838
1 0.18335787923416788 0.8705772811918063 0.013254786450662739 0.020484171322160148
1 0.10751104565537555 0.9497206703910615 0.011782032400589101 0.0148975791433892
1 0.7282768777614138 0.8715083798882681 0.013254786450662739 0.0260707635009311
1 0.6561119293078056 0.7951582867783985 0.007363770250368188 0.0186219739292365
1 0.7238586156111929 0.792364990689013 0.016200294550810013 0.01675977653631285
1 0.9241531664212076 0.7951582867783985 0.013254786450662739 0.0186219739292365
