3 0.09888888888888889 0.032051282051282055 0.011111111111111112 0.047008547008547015
3 0.23222222222222222 0.02991452991452992 0.015555555555555555 0.042735042735042736
3 0.3711111111111111 0.02991452991452992 0.017777777777777778 0.042735042735042736
3 0.37555555555555553 0.13247863247863248 0.017777777777777778 0.042735042735042736
3 0.31333333333333335 0.13461538461538464 0.017777777777777778 0.038461538461538464
3 0.6988888888888889 0.12820512820512822 0.015555555555555555 0.05128205128205129
3 0.6311111111111111 0.13247863247863248 0.017777777777777778 0.042735042735042736
3 0.9588888888888889 0.13247863247863248 0.015555555555555555 0.05128205128205129
3 0.06222222222222222 0.12820512820512822 0.013333333333333332 0.03418803418803419
3 0.1111111111111111 0.903846153846154 0.013333333333333332 0.047008547008547015
3 0.23555555555555555 0.9059829059829061 0.008888888888888889 0.042735042735042736
3 0.36444444444444446 0.9145299145299146 0.017777777777777778 0.042735042735042736
