3 0.9905555555555555 0.9677871148459384 0.016666666666666666 0.014005602240896359
1 0.8955555555555555 0.9698879551820728 0.008888888888888889 0.015406162464985995
1 0.7866666666666666 0.9264705882352942 0.0044444444444444444 0.023809523809523808
1 0.5461111111111111 0.8361344537815126 0.01 0.014005602240896359
3 0.21777777777777776 0.8018207282913166 0.0044444444444444444 0.018207282913165267
1 0.15 0.8011204481792717 0.008888888888888889 0.014005602240896359
2 0.4111111111111111 0.8263305322128852 0.07111111111111111 0.014005602240896359
2 0.56 0.3900560224089636 0.12 0.012605042016806723
2 0.7022222222222222 0.3907563025210084 0.12 0.011204481792717087
2 0.8427777777777777 0.39215686274509803 0.12777777777777777 0.011204481792717087
3 0.705 0.4005602240896359 0.014444444444444444 0.022408963585434174
1 0.5711111111111111 0.4005602240896359 0.011111111111111112 0.01680672268907563
3 0.40444444444444444 0.6253501400560224 0.008888888888888889 0.02100840336134454
3 0.6611111111111111 0.6309523809523809 0.013333333333333332 0.02100840336134454
3 0.16555555555555557 0.6309523809523809 0.013333333333333332 0.018207282913165267
3 0.16277777777777777 0.5147058823529412 0.012222222222222223 0.02100840336134454
3 0.24 0.40406162464985995 0.015555555555555555 0.023809523809523808
3 0.5344444444444444 0.2822128851540616 0.006666666666666666 0.018207282913165267
3 0.4872222222222222 0.28711484593837533 0.012222222222222223 0.014005602240896359
3 0.24722222222222223 0.17296918767507002 0.014444444444444444 0.015406162464985995
3 0.2733333333333333 0.055322128851540614 0.017777777777777778 0.018207282913165267
2 0.3383333333333333 0.3900560224089636 0.06555555555555556 0.012605042016806723
2 0.35944444444444446 0.5035014005602241 0.058888888888888886 0.012605042016806723
2 0.3377777777777778 0.615546218487395 0.024444444444444446 0.00980392156862745
1 0.3466666666666667 0.6295518207282913 0.011111111111111112 0.018207282913165267
1 0.11222222222222222 0.5140056022408963 0.013333333333333332 0.0196078431372549
2 0.1322222222222222 0.3907563025210084 0.057777777777777775 0.008403361344537815
