3 0.04350828729281768 0.020440251572327046 0.012430939226519336 0.04088050314465409
3 0.15469613259668508 0.17138364779874216 0.011049723756906077 0.04088050314465409
3 0.6229281767955801 0.1808176100628931 0.016574585635359115 0.05345911949685535
3 0.7382596685082873 0.17452830188679247 0.020718232044198894 0.04716981132075472
2 0.24378453038674033 0.4025157232704403 0.21132596685082872 0.031446540880503145
2 0.42265193370165743 0.4025157232704403 0.0856353591160221 0.031446540880503145
2 0.2845303867403315 0.64937106918239 0.2845303867403315 0.022012578616352203
0 0.7064917127071823 0.1949685534591195 0.5842541436464088 0.14465408805031446
1 0.5172651933701657 0.1808176100628931 0.009668508287292817 0.04716981132075472
1 0.24240331491712705 0.3144654088050315 0.017955801104972375 0.03773584905660378
1 0.319060773480663 0.5613207547169812 0.016574585635359115 0.05345911949685535
1 0.3176795580110497 0.8081761006289309 0.013812154696132596 0.04402515723270441
2 0.2838397790055249 0.8946540880503145 0.2803867403314917 0.02830188679245283
2 0.5414364640883977 0.8977987421383649 0.17403314917127072 0.03459119496855346
2 0.5448895027624309 0.6525157232704403 0.1781767955801105 0.02830188679245283
