3 0.4526143790849673 0.11764705882352941 0.026143790849673203 0.041666666666666664
1 0.5686274509803921 0.12316176470588235 0.032679738562091505 0.020833333333333332
3 0.47385620915032683 0.258578431372549 0.026143790849673203 0.0392156862745098
1 0.5857843137254902 0.2604166666666667 0.021241830065359478 0.020833333333333332
2 0.5073529411764706 0.3112745098039216 0.32189542483660133 0.024509803921568627
3 0.4901960784313726 0.40318627450980393 0.026143790849673203 0.029411764705882353
2 0.5563725490196079 0.4577205882352941 0.3937908496732026 0.025735294117647058
1 0.6127450980392157 0.5392156862745098 0.026143790849673203 0.024509803921568627
2 0.5359477124183006 0.5968137254901961 0.43137254901960786 0.02696078431372549
1 0.4362745098039216 0.6905637254901961 0.026143790849673203 0.028186274509803922
1 0.3415032679738562 0.7689950980392157 0.03594771241830066 0.01838235294117647
1 0.33496732026143794 0.8462009803921569 0.03594771241830066 0.023284313725490197
