3 0.5930555555555556 0.6648148148148147 0.017592592592592594 0.018518518518518517
3 0.6439814814814815 0.6654320987654321 0.012037037037037037 0.024691358024691357
3 0.8361111111111111 0.6648148148148147 0.009259259259259259 0.023456790123456788
3 0.7912037037037037 0.7444444444444445 0.006481481481481482 0.019753086419753086
3 0.6273148148148149 0.7475308641975309 0.012037037037037037 0.016049382716049384
3 0.5824074074074075 0.7469135802469136 0.012962962962962964 0.022222222222222223
3 0.775462962962963 0.519753086419753 0.012037037037037037 0.01728395061728395
3 0.7342592592592593 0.5166666666666666 0.009259259259259259 0.018518518518518517
3 0.7875 0.44135802469135804 0.010185185185185186 0.025925925925925925
3 0.7472222222222222 0.4419753086419753 0.012962962962962964 0.022222222222222223
1 0.7444444444444445 0.36296296296296293 0.009259259259259259 0.024691358024691357
1 0.7620370370370371 0.2802469135802469 0.014814814814814815 0.027160493827160494
1 0.6046296296296296 0.4419753086419753 0.009259259259259259 0.01728395061728395
1 0.6944444444444444 0.4419753086419753 0.012962962962962964 0.027160493827160494
1 0.6861111111111111 0.5185185185185185 0.011111111111111112 0.024691358024691357
