3 0.04143646408839779 0.022012578616352203 0.016574585635359115 0.03773584905660378
1 0.12154696132596685 0.025157232704402517 0.013812154696132596 0.04402515723270441
3 0.15469613259668508 0.18238993710691825 0.011049723756906077 0.050314465408805034
3 0.6263812154696132 0.17924528301886794 0.017955801104972375 0.050314465408805034
3 0.7354972375690607 0.17610062893081763 0.015193370165745856 0.05660377358490566
1 0.5145027624309392 0.17452830188679247 0.012430939226519336 0.04088050314465409
1 0.9406077348066298 0.17610062893081763 0.011049723756906077 0.04402515723270441
1 0.9868784530386739 0.17767295597484278 0.015193370165745856 0.03459119496855346
2 0.24378453038674033 0.4025157232704403 0.2085635359116022 0.031446540880503145
2 0.42334254143646405 0.4025157232704403 0.08149171270718232 0.025157232704402517
2 0.2838397790055249 0.6462264150943396 0.2886740331491713 0.04088050314465409
2 0.5414364640883977 0.6509433962264152 0.17403314917127072 0.01886792452830189
2 0.5421270718232044 0.8930817610062893 0.16988950276243092 0.01886792452830189
2 0.2810773480662983 0.8962264150943396 0.2859116022099447 0.025157232704402517
2 0.0925414364640884 0.6509433962264152 0.04696132596685083 0.025157232704402517
2 0.08632596685082873 0.4025157232704403 0.045580110497237564 0.025157232704402517
2 0.08977900552486187 0.8930817610062893 0.04419889502762431 0.031446540880503145
0 0.5435082872928176 0.5817610062893082 0.04281767955801105 0.1069182389937107
1 0.3169889502762431 0.5676100628930818 0.012430939226519336 0.05345911949685535
0 0.7044198895027624 0.18710691823899372 0.580110497237569 0.13522012578616352
1 0.35773480662983426 0.17924528301886794 0.013812154696132596 0.050314465408805034
1 0.2430939226519337 0.31603773584905664 0.008287292817679558 0.04088050314465409
0 0.22651933701657456 0.5786163522012578 0.03314917127071823 0.1069182389937107
0 0.2203038674033149 0.8238993710691824 0.04281767955801105 0.09433962264150944
1 0.319060773480663 0.8128930817610064 0.0055248618784530384 0.04088050314465409
