1 0.390625 0.07920420420420421 0.01875 0.04804804804804805
1 0.5065000000000001 0.08596096096096097 0.0175 0.03003003003003003
1 0.388875 0.22409909909909909 0.02225 0.03978978978978979
1 0.48912500000000003 0.21884384384384384 0.01725 0.03153153153153153
1 0.836375 0.20326576576576577 0.014750000000000001 0.031156156156156155
1 0.90475 0.20476726726726727 0.014 0.03641141141141141
1 0.375875 0.40296546546546547 0.01875 0.030405405405405404
2 0.33475 0.4288663663663664 0.025 0.009384384384384385
2 0.35475 0.25 0.025 0.008258258258258258
2 0.153875 0.0853978978978979 0.09775 0.020645645645645645
1 0.385 0.5508633633633634 0.016 0.030405405405405404
1 0.47775 0.5493618618618619 0.018000000000000002 0.028903903903903905
1 0.30275 0.6980105105105106 0.0125 0.0259009009009009
1 0.170125 0.6833708708708709 0.01525 0.022147147147147148
1 0.383875 0.8194444444444444 0.01525 0.03153153153153153
1 0.2975 0.8085585585585585 0.013000000000000001 0.03228228228228228
2 0.35825 0.71996996996997 0.0265 0.013513513513513514
