3 0.444547134935305 0.18082788671023967 0.0166358595194085 0.06535947712418301
3 0.7606284658040665 0.18082788671023967 0.011090573012939002 0.06100217864923748
3 0.9704251386321626 0.15032679738562094 0.014787430683918669 0.06971677559912855
3 0.6700554528650647 0.3355119825708061 0.012939001848428836 0.06535947712418301
3 0.3530499075785582 0.34204793028322444 0.018484288354898334 0.06971677559912855
3 0.33133086876155265 0.627450980392157 0.012014787430683918 0.056644880174291944
3 0.2421441774491682 0.7875816993464053 0.0166358595194085 0.07625272331154685
3 0.5526802218114603 0.7875816993464053 0.011090573012939002 0.07625272331154685
3 0.6423290203327172 0.627450980392157 0.0166358595194085 0.07407407407407408
3 0.8544362292051756 0.6034858387799565 0.010166358595194085 0.06971677559912855
2 0.7818853974121996 0.758169934640523 0.11460258780036968 0.03921568627450981
2 0.5300369685767098 0.7549019607843138 0.256007393715342 0.032679738562091505
1 0.26571164510166356 0.17538126361655776 0.012014787430683918 0.06753812636165578
1 0.15064695009242143 0.636165577342048 0.018484288354898334 0.06100217864923748
2 0.21857670979667282 0.7559912854030502 0.24676524953789278 0.026143790849673207
2 0.6423290203327172 0.29738562091503273 0.25508317929759705 0.032679738562091505
2 0.8960258780036968 0.29411764705882354 0.11182994454713494 0.03921568627450981
1 0.9108133086876156 0.3376906318082789 0.01756007393715342 0.07407407407407408
1 0.938539741219963 0.18300653594771243 0.012014787430683918 0.06971677559912855
1 0.7929759704251387 0.15577342047930284 0.02033271719038817 0.06753812636165578
1 0.6802218114602587 0.6002178649237473 0.0166358595194085 0.06318082788671024
1 0.8257855822550831 0.6318082788671024 0.013863216266173753 0.07407407407407408
1 0.46395563770794823 0.6296296296296297 0.02033271719038817 0.06100217864923748
1 0.5790203327171903 0.17647058823529413 0.01756007393715342 0.056644880174291944
