3 0.29308093994778067 0.07700205338809035 0.014360313315926894 0.022587268993839837
3 0.3629242819843342 0.18583162217659138 0.018276762402088774 0.04722792607802875
3 0.5221932114882507 0.18788501026694046 0.013054830287206266 0.034907597535934295
3 0.08942558746736293 0.5441478439425051 0.016971279373368148 0.03696098562628337
2 0.5404699738903395 0.25256673511293637 0.09660574412532637 0.024640657084188913
2 0.7362924281984334 0.2535934291581109 0.0731070496083551 0.022587268993839837
2 0.4105744125326371 0.42505133470225875 0.07180156657963446 0.02053388090349076
3 0.16840731070496084 0.27618069815195073 0.018276762402088774 0.026694045174537988
1 0.2349869451697128 0.2731006160164271 0.010443864229765013 0.03285420944558522
1 0.1279373368146214 0.39733059548254623 0.010443864229765013 0.034907597535934295
0 0.09399477806788512 0.7094455852156057 0.05483028720626632 0.08008213552361397
