3 0.3831018518518518 0.32954545454545453 0.014660493827160493 0.02169421487603306
3 0.7175925925925926 0.3212809917355372 0.013888888888888888 0.01756198347107438
3 0.5960648148148148 0.43543388429752067 0.006944444444444444 0.02066115702479339
3 0.8692129629629629 0.42458677685950413 0.013117283950617283 0.01962809917355372
3 0.5250771604938271 0.4390495867768595 0.008487654320987654 0.01962809917355372
3 0.4722222222222222 0.47830578512396693 0.010802469135802469 0.023760330578512397
3 0.9479166666666666 0.5025826446280992 0.013117283950617283 0.02066115702479339
3 0.8834876543209876 0.5056818181818182 0.010802469135802469 0.022727272727272728
3 0.7164351851851851 0.5118801652892562 0.010030864197530864 0.01859504132231405
3 0.6419753086419753 0.5170454545454546 0.015432098765432098 0.01859504132231405
3 0.49459876543209874 0.5253099173553719 0.009259259259259259 0.01859504132231405
3 0.4837962962962963 0.6110537190082644 0.016975308641975308 0.012396694214876033
3 0.5601851851851851 0.6074380165289256 0.013888888888888888 0.01962809917355372
3 0.6878858024691358 0.6875 0.008487654320987654 0.01859504132231405
3 0.5864197530864197 0.6967975206611571 0.013888888888888888 0.01859504132231405
3 0.38425925925925924 0.800103305785124 0.018518518518518517 0.022727272727272728
3 0.3013117283950617 0.8078512396694215 0.011574074074074073 0.015495867768595042
3 0.4525462962962963 0.891012396694215 0.011574074074074073 0.02066115702479339
3 0.6122685185185185 0.875 0.013117283950617283 0.023760330578512397
3 0.6921296296296295 0.8703512396694215 0.012345679012345678 0.01859504132231405
3 0.9351851851851851 0.8502066115702479 0.013888888888888888 0.027892561983471075
1 0.4810956790123457 0.7024793388429752 0.010030864197530864 0.023760330578512397
1 0.5366512345679012 0.8832644628099173 0.013117283950617283 0.01756198347107438
1 0.8645833333333333 0.8553719008264463 0.008487654320987654 0.01962809917355372
1 0.4112654320987654 0.6193181818181819 0.013888888888888888 0.02066115702479339
1 0.42168209876543206 0.5268595041322314 0.014660493827160493 0.013429752066115703
1 0.4506172839506173 0.44266528925619836 0.012345679012345678 0.022727272727272728
